0,1,2,3,4,5,6,7,8,9,10,11,12,13,14,15,16,17,18,19,20,21,22,23,24,25,26,27,28,29,30,31,32,33,34,35,36,37,38,39,40,41,42,43,44,45,46,47,48,49,50,51,52,53,54,55,56,57,58,59,60,61,62,63,64,65,66,67,68,69,70,71,72,73,74,75,76,77,78,79,80,81,82,83,84,85,86,87,88,89,90,91,92,93,94,95,96,97,98,99,100,101,102,103,104,105,106,107,108,109,110,111,112,113,114,115,116,117,118,119,120,121,122,123,124,125,126,127,128,129,130,131,132,133,134,135,136,137,138,139,140,141,142,143,144,145,146,147,148,149,150,151,152,153,154,155,156,157,158,159,160,161,162,163,164,165,166,167,168,169,170,171,172,173,174,175,176,177,178,179,180,181,182,183,184,185,186,187,188,189,190,191,192,193,194,195,196,197,198,199,200,201,202,203,204,205,206,207,208,209,210,211,212,213,214,215,216,217,218,219,220,221,222,223,224,225,226,227,228,229,230,231,232,233,234,235,236,237,238,239,240,241,242,243,244,245,246,247,248,249,250,251,252,253,254,255,256,257,258,259,260,261,262,263,264,265,266,267,268,269,270,271,272,273,274,275,276,277,278,279,280,281,282,283,284,285,286,287,288,289,290,291,292,293,294,295,296,297,298,299,300,301,302,303,304,305,306,307,308,309,310,311,312,313,314,315,316,317,318,319,320,321,322,323,324,325,326,327,328,329,330,331,332,333,334,335,336,337,338,339,340,341,342,343,344,345,346,347,348,349,350,351,352,353,354,355,356,357,358,359,360,361,362,363,364,365,366,367,368,369,370,371,372,373,374,375,376,377,378,379,380,381,382,383,384,385,386,387,388,389,390,391,392,393,394,395,396,397,398,399,400,401,402,403,404,405,406,407,408,409,410,411,412,413,414,415,416,417,418,419,420,421,422,423,424,425,426,427,428,429,430,431,432,433,434,435,436,437,438,439,440,441,442,443,444,445,446,447,448,449,450,451,452,453,454,455,456,457,458,459,460,461,462,463,464,465,466,467,468,469,470,471,472,473,474,475,476,477,478,479,480,481,482,483,484,485,486,487,488,489,490,491,492,493,494,495,496,497,498,499,500,501,502,503,504,505,506,507,508,509,510,511,512,513,514,515,516,517,518,519,520,521,522,523,524,525,526,527,528,529,530,531,532,533,534,535,536,537,538,539,540,541,542,543,544,545,546,547,548,549,550,551,552,553,554,555,556,557,558,559,560,561,562,563,564,565,566,567,568,569,570,571,572,573,574,575,576,577,578,579,580,581,582,583,584,585,586,587,588,589,590,591,592,593,594,595,596,597,598,599,600,601,602,603,604,605,606,607,608,609,610,611,612,613,614,615,616,617,618,619,620,621,622,623,624,625,626,627,628,629,630,631,632,633,634,635,636,637,638,639,640,641,642,643,644,645,646,647,648,649,650,651,652,653,654,655,656,657,658,659,660,661,662,663,664,665,666,667,668,669,670,671,672,673,674,675,676,677,678,679,680,681,682,683,684,685,686,687,688,689,690,691,692,693,694,695,696,697,698,699,700,701,702,703,704,705,706,707,708,709,710,711,712,713,714,715,716,717,718,719,720,721,722,723,724,725,726,727,728,729,730,731,732,733,734,735,736,737,738,739,740,741,742,743,744,745,746,747,748,749,750,751,752,753,754,755,756,757,758,759,760,761,762,763,764,765,766,767,768,769,770,771,772,773,774,775,776,777,778,779,780,781,782,783,784,785,786,787,788,789,790,791,792,793,794,795,796,797,798,799,800,801,802,803,804,805,806,807,808,809,810,811,812,813,814,815,816,817,818,819,820,821,822,823,824,825,826,827,828,829,830,831,832,833,834,835,836,837,838,839,840,841,842,843,844,845,846,847,848,849,850,851,852,853,854,855,856,857,858,859,860,861,862,863,864,865,866,867,868
-616.9074,-616.9074,-616.9074,-616.9074,-616.9074,-616.9074,-616.9074,-616.9074,-616.9074,-616.9074,-616.9074,-616.9074,-616.9074,-616.9074,-616.9074,-616.9074,-616.5461,-616.4308,-616.9074,-616.9074,-616.9074,-616.9074,-616.9074,-616.9074,-616.9074,-614.0427,-393.27405,-267.5682,-194.0681,-147.4577,-124.80241,-138.38669,-168.22836,-190.4074,-211.60332,-230.93237,-267.014,-302.69247,-310.5438,-342.89783,-414.03284,-392.10693,-340.40338,-289.444,-213.46904,-182.80136,-206.02132,-245.49945,-261.82867,-274.36505,-294.15213,-260.73233,-263.07895,-277.49762,-265.96774,-236.58043,-257.98184,-351.74545,-314.34644,-149.95326,-61.598812,-32.0338,-35.748226,-92.60323,-216.49422,-254.02707,-230.9067,-209.12599,-226.46542,-271.72125,-307.81097,-331.70816,-373.85297,-455.2332,-545.5397,-603.0663,-614.5117,-615.8123,-615.9371,-615.53265,-615.8553,-616.10693,-616.2655,-616.3617,-616.4191,-616.5086,-616.6001,-616.7251,-616.7416,-616.7897,-616.9074,-616.9074,-616.9074,-616.9074,-610.3371,-590.40155,-415.34634,-226.6745,-123.94328,-72.779915,-79.871414,-127.664215,-180.3846,-200.67633,-252.82597,-306.17892,-277.17447,-226.68974,-166.25125,-144.67104,-142.73476,-159.70253,-216.87247,-322.14487,-296.12674,-240.34349,-213.08183,-230.76086,-293.54236,-420.85547,-372.98944,-271.13965,-182.81789,-138.17554,-164.71877,-211.79092,-278.94543,-323.13266,-347.90143,-363.86392,-298.1605,-245.17868,-234.44664,-248.34961,-275.06555,-303.20197,-290.47443,-259.5732,-260.8295,-301.51035,-359.7776,-337.32803,-218.0443,-172.57985,-199.91164,-265.90732,-328.27084,-357.02188,-350.3169,-312.749,-314.47668,-341.55283,-310.88702,-249.789,-227.76059,-261.8951,-307.88562,-289.8037,-252.6233,-205.43944,-163.45021,-164.98792,-179.97792,-177.60307,-197.9372,-261.04755,-286.5116,-296.10315,-283.4654,-265.56424,-298.84058,-345.68094,-345.82864,-289.52563,-235.018,-207.54704,-250.4461,-296.7221,-334.0646,-380.66107,-430.27258,-282.07108,-178.90714,-149.89825,-154.23064,-172.54527,-197.58658,-232.06448,-271.75085,-297.9799,-320.5139,-346.4551,-399.29504,-445.24408,-501.00937,-563.94446,-609.7804,-616.9074,-616.9074,-616.9074,-616.9074,-616.9074,-616.9074,-616.9074,-616.9074,-616.9074,-616.08044,-616.5217,-616.7386,-616.9074,-616.9074,-616.9074,-616.9074,-616.9074,-616.9074,-616.9074,-575.93286,-522.9178,-475.8379,-439.27777,-337.6876,-191.784,-160.27252,-193.26656,-296.3798,-425.92038,-323.18417,-242.11478,-228.40167,-226.87038,-261.25165,-372.86133,-396.13702,-236.52838,-174.45883,-173.62048,-192.76225,-220.38405,-252.3671,-283.20306,-335.65378,-401.60187,-370.98764,-331.1609,-312.1195,-322.46573,-373.6107,-393.68506,-393.99472,-408.7508,-432.99792,-396.34512,-249.53964,-155.66083,-137.00972,-101.938286,-113.463585,-192.02072,-223.37364,-243.62491,-266.80902,-297.9186,-331.43402,-401.4053,-427.94797,-282.4398,-206.4129,-196.8739,-206.29706,-213.10641,-238.30438,-289.48352,-381.9514,-526.57434,-418.5644,-332.6339,-313.40204,-285.1625,-243.73987,-223.28735,-240.584,-251.22775,-266.04935,-297.42664,-349.77722,-376.5396,-382.46964,-389.9261,-410.33206,-431.9863,-457.36295,-490.00885,-529.86346,-577.72516,-611.52484,-616.9074,-616.9074,-616.9074,-616.9074,-616.9074,-616.9074,-616.9074,-616.9074,-616.9074,-616.9074,-616.4481,-616.4548,-616.8723,-616.9074,-590.75653,-305.7475,-152.93927,-93.41026,-81.4773,-68.51226,-69.04681,-82.98379,-158.63727,-286.68185,-432.4804,-479.58057,-512.7355,-561.2651,-602.486,-585.18085,-317.0275,-222.0046,-195.7115,-209.38681,-282.4873,-388.71365,-505.15335,-559.84656,-436.8499,-327.3464,-293.85043,-284.7232,-265.9996,-267.89728,-240.80112,-218.7659,-184.90941,-164.83641,-167.7884,-168.45259,-204.48009,-322.94763,-454.21753,-398.24603,-365.41953,-387.6973,-369.4746,-329.12665,-339.8554,-391.0808,-490.87936,-585.182,-613.74976,-491.4208,-346.9101,-249.19765,-204.20842,-213.17361,-240.6832,-276.6803,-301.8962,-340.6102,-421.68582,-482.7917,-442.29834,-406.0925,-371.3405,-312.155,-286.43066,-282.14807,-280.32883,-286.91104,-287.03754,-288.0382,-296.02405,-316.63922,-333.49673,-337.8937,-359.04175,-389.67297,-423.46823,-455.59372,-494.06927,-556.18634,-605.9314,-616.9074,-616.9074,-583.14825,-382.2595,-279.54752,-231.59024,-222.68127,-260.44052,-325.52478,-350.66776,-374.23746,-332.1811,-205.79068,-155.981,-167.08723,-189.01714,-206.73555,-260.49518,-367.95975,-333.16177,-267.03238,-248.4926,-244.85576,-244.69481,-265.83395,-294.94296,-309.89987,-315.11392,-314.82437,-344.77795,-349.36807,-241.97595,-173.64821,-153.71574,-168.60374,-223.84976,-310.10214,-421.12393,-514.6748,-585.62683,-454.32434,-319.13834,-282.83588,-307.27103,-315.0185,-278.06586,-250.50716,-251.60316,-256.83282,-253.39032,-286.77194,-396.90848,-489.7374,-395.043,-311.14813,-259.33878,-236.46912,-254.23946,-330.34903,-382.55585,-306.19186,-292.72986,-334.96872,-443.26187,-551.3589,-468.115,-315.8231,-246.24522,-239.25293,-264.99014,-268.86212,-254.74536,-263.59726,-309.5403,-403.9211,-496.25653,-497.28174,-532.37964,-595.44916,-613.7817,-616.9074,-616.9074,-616.9074,-616.9074,-616.9074,-616.9074,-616.9074,-616.9074,-616.9074,-616.9074,-615.3495,-602.59,-599.062,-597.92444,-598.54706,-602.0066,-607.0053,-612.5831,-615.49335,-590.21796,-578.90735,-582.81964,-607.03723,-616.9074,-528.0374,-385.04526,-261.3018,-191.5487,-153.20338,-151.51254,-180.18819,-231.2161,-245.28003,-223.35312,-218.89792,-228.70667,-187.11006,-166.40666,-191.3083,-256.6807,-359.37994,-356.0511,-336.0652,-322.54007,-309.1579,-263.64313,-220.87898,-219.86732,-244.38562,-247.05794,-269.0717,-329.5926,-424.30566,-432.2594,-342.01794,-264.85025,-238.92436,-245.95598,-272.20966,-308.49973,-365.6827,-457.82428,-426.06946,-292.1049,-247.2661,-203.87866,-138.85951,-127.70097,-151.0092,-185.32944,-199.77354,-239.05762,-325.2703,-418.1456,-300.12445,-265.93076,-317.1887,-420.0533,-516.33624,-511.7535,-431.52896,-382.7989,-379.56787,-404.3755,-351.51273,-258.14163,-193.81035,-158.46307,-153.6952,-170.93434,-205.32903,-259.99005,-313.03345,-376.96973,-467.0346,-408.87164,-344.63107,-333.9976,-282.75766,-228.03595,-198.57195,-207.9026,-286.15714,-470.2045,-529.7356,-274.24802,-172.68858,-151.93127,-204.58592,-319.6002,-486.88818,-579.8701,-607.9574,-438.2458,-310.74713,-256.7235,-243.40611,-234.80878,-199.49823,-188.6935,-194.86842,-213.11804,-261.64352,-346.70184,-371.93823,-381.0647,-378.5013,-244.58551,-201.62704,-179.29424,-179.1598,-212.39009,-297.8114,-428.47446,-423.64093,-422.4983,-444.43356,-414.74487,-360.99695,-391.7416,-305.20642,-214.28198,-205.8385,-273.78815,-447.61456,-437.4607,-308.03915,-269.08304,-235.76866,-180.67017,-164.8558,-181.09996,-195.7833,-219.42986,-294.64847,-412.81104,-549.8257,-583.6134,-550.5374,-518.2664,-503.2914,-496.67798,-506.21524,-536.45605,-576.55615,-611.80865,-616.9074,-616.9074,-616.9074,-616.9074,-616.9074,-616.9074,-616.9074,-616.9074,-616.9074,-616.9074,-616.9074,-616.9074,-616.9074,-616.9074,-616.9074,-616.9074,-616.9074,-616.9074,-607.81134,-512.82605,-450.03357,-400.34836,-317.72662,-269.16965,-270.07565,-323.99088,-336.71744,-294.70148,-299.36237,-343.61343,-403.81943,-366.26425,-323.08786,-274.9547,-236.24617,-256.6947,-329.23816,-243.65965,-181.67006,-175.28099,-179.06345,-216.06747,-316.38608,-452.8772,-389.45383,-303.2722,-275.25226,-284.30304,-307.1846,-330.728,-352.60455,-383.90826,-439.9354,-372.13522,-283.4997,-260.62833,-298.25192,-367.38803,-429.66946,-452.33102,-427.55347,-395.33173,-364.04526,-358.83258,-390.99405,-450.92242,-421.01303,-368.53568,-351.35022,-355.74933,-389.71957,-444.33334,-533.26996,-394.53458,-306.0653,-289.34302,-310.58755,-324.36856,-276.92245,-237.60893,-233.63948,-249.3784,-284.14908,-324.83136,-386.91644,-387.81198,-282.87924,-226.18893,-215.21466,-228.19083,-273.0358,-369.9978,-527.0673,-603.0844,-453.64136,-271.8735,-195.13432,-165.91023,-151.7513,-114.49004,-98.78675,-136.42297,-217.28505,-327.25797,-472.92728,-404.6797,-337.8621,-341.12335,-382.91116,-416.4928,-440.07703,-471.01657,-514.40564,-563.99445,-565.1376,-448.17462,-356.26523,-343.96643,-384.00998,-418.98785,-342.25067,-302.19534,-305.0915,-335.18604,-382.42538,-387.1483,-370.9773,-373.3787,-402.75323,-332.87198,-239.67152,-198.68474,-197.93103,-221.8742,-244.00665,-281.89233,-366.24954,-423.917,-338.3833,-278.09814,-271.6128,-300.0515,-324.7397,-339.32773,-343.2959,-316.09424,-238.56464,-188.30826,-184.4917,-220.70255,-268.97113,-352.85004,-446.4283,-413.7816,-275.30466,-193.02419,-172.82536,-188.41525,-230.84744,-321.84268,-417.93378,-443.66516,-382.91058,-330.94366,-327.50943,-367.36212,-290.23572,-193.66827,-169.15935,-170.92998,-156.5687,-156.35106,-183.79968,-239.69305,-303.94974,-383.0793,-488.0768,-580.18823,-283.50058,-171.88376,-136.05838,-150.25246,-227.16504,-364.23837,-483.89374,-402.6689,-355.45114,-388.29242,-447.4692,-385.2085,-357.36142,-321.48672,-261.95755,-227.29732,-223.98392,-241.83789,-261.22943,-289.43784,-340.6294,-387.02106,-359.87756,-374.237,-412.3747,-440.064,-349.45752,-281.0924,-258.19064,-262.66376,-284.5036,-314.26718,-340.4647,-345.78253,-356.08118,-375.38443,-395.8822,-415.93768,-433.17682,-464.6301,-508.1535,-581.5451,-614.05347,-616.9074,-616.9074,-616.9074,-616.9074,-616.9074,-616.9074,-616.9074,-616.9074,-616.9074,-616.9074,-616.9074,-616.9074
0.0,0.0,0.0,0.0,0.0,0.0,0.0,0.0,0.0,0.0,0.0,0.0,0.0,0.0,0.0,0.0,-0.23533517,-0.31045306,0.0,0.0,0.0,0.0,0.0,0.0,0.0,3.4613833,80.80203,115.16678,155.46005,170.4849,155.58368,128.32211,108.16087,94.778564,92.00154,83.64029,49.07708,-9.491758,-46.535812,-43.33818,7.5567837,98.36072,138.45166,185.88907,210.00307,207.32816,192.76747,198.1257,201.44781,202.37,200.00864,135.40173,50.920235,-15.712299,-30.768581,-13.380945,-6.933821,-12.843588,90.4651,153.21716,124.15691,96.032166,93.10833,113.80489,169.94426,169.89108,183.14381,195.50397,191.74852,179.52084,167.36017,160.99559,149.28267,113.38158,56.31459,10.563789,2.1001754,1.5485847,1.3721638,1.9435644,1.4876642,1.13189,0.90777427,0.7717219,0.6904664,0.5639396,0.43453282,0.25778404,0.23451804,0.16646896,0.0,0.0,0.0,0.0,6.060454,24.194765,128.74496,176.4765,169.07286,151.65016,157.58409,133.09814,64.19269,43.354572,29.760798,53.098198,85.35269,130.5586,169.38708,180.04059,177.96907,174.32738,153.85869,86.34924,7.282984,28.852875,85.881615,139.05505,150.7489,119.23427,114.33702,169.38995,220.04843,206.40326,186.38739,163.75708,149.39806,151.53726,146.22171,147.36707,121.22412,104.39735,90.030685,80.54473,72.10657,70.83381,47.99263,28.768026,9.790215,-2.1200445,2.6296105,65.146774,130.27988,139.26407,121.36839,112.04421,123.90052,125.198975,120.15544,73.59515,22.576088,-5.3448553,71.81576,139.85863,166.93301,169.56949,149.71335,146.5505,153.20152,168.2707,179.46913,183.77383,184.46231,186.19534,171.97171,121.60207,79.74806,50.05877,70.21875,141.55661,174.96045,165.18448,159.42227,177.0423,163.137,107.8841,28.028809,-30.558062,-59.167274,-73.735245,-43.07647,114.63141,156.42572,169.69437,175.27287,187.24399,197.9736,208.53256,200.29788,191.67612,188.74695,178.66046,142.97617,107.52443,72.07094,36.842445,6.694566,0.0,0.0,0.0,0.0,0.0,0.0,0.0,0.0,0.0,0.120452836,0.05355318,0.017792536,0.0,0.0,0.0,0.0,0.0,0.0,0.0,-42.738,-85.51218,-115.474365,-128.58685,-43.513763,79.32524,127.68134,140.00623,116.50325,83.93569,32.688084,-8.556314,-25.085249,-1.734931,13.539541,15.944782,78.32213,164.81143,188.99251,179.65836,157.49881,137.81586,123.60203,120.29585,117.15788,111.2315,77.961494,41.462425,50.986824,83.468094,108.7915,49.907715,-14.574141,-44.99314,-69.02875,-86.824844,33.012985,144.75644,196.53366,167.40656,156.58835,162.31946,79.9102,-4.51049,-62.02607,-105.18026,-109.9271,-101.07683,17.630161,133.40271,160.61887,156.05615,149.27031,154.49716,153.20093,147.64447,132.23209,73.129364,109.58171,140.2465,141.19519,134.40454,131.52896,125.12019,108.338,106.49127,108.80141,110.78479,115.90189,92.38847,39.812973,-13.178471,-60.508514,-85.90561,-93.83397,-82.47461,-58.0763,-26.617264,-4.4230585,0.0,0.0,0.0,0.0,0.0,0.0,0.0,0.0,0.0,0.0,0.6494968,0.6400961,0.0496064,0.0,24.735813,187.09747,183.547,166.0528,130.52121,114.26258,118.49848,144.77444,182.4685,168.65771,69.131836,55.572556,56.10721,47.44576,18.356709,33.495773,159.51651,184.67368,168.57846,155.46222,133.0564,89.86505,45.83305,21.969269,-32.05832,-28.686226,-30.865215,-33.848686,-19.1067,-4.7967105,71.204445,156.12384,200.82727,209.6719,197.87921,203.07462,202.52347,177.2964,85.77365,-22.632347,-60.562386,-92.00786,-36.33259,52.548744,104.713905,112.3047,75.104454,28.28852,4.3424616,80.37459,147.55585,178.58078,188.78366,175.17712,162.86131,147.73727,144.48892,128.03294,91.20923,-2.4063804,-99.05863,-140.87485,-132.5834,-38.189285,33.265545,76.34094,84.818344,81.02266,79.955185,83.14945,83.130936,84.98094,89.13214,58.420406,17.75879,-44.3443,-89.59842,-104.34657,-82.69046,-37.308147,-5.177929,0.0,0.0,23.338982,134.83405,184.61987,207.47627,212.2952,195.99213,162.58105,161.47894,149.0175,163.79065,189.29831,184.043,162.67557,146.70786,142.09366,132.06943,115.108635,117.103,145.66714,158.4523,155.47324,146.65657,88.00746,17.817822,-30.90373,-49.945236,-36.762375,-28.5863,42.352505,170.88802,199.18558,204.84467,205.58284,192.93071,161.02701,111.37776,63.18141,21.80041,123.12805,181.71921,192.71248,171.56094,153.71527,169.64578,181.07393,181.87082,183.96988,194.06,192.9136,158.41318,99.26514,154.0646,234.19199,257.0951,237.23013,226.59428,204.7869,207.46832,243.28769,249.19037,231.94089,174.63275,81.94613,139.96405,227.17432,250.92032,244.36511,230.94464,224.71167,224.42589,221.26443,214.15714,172.47711,128.80438,127.61701,91.84805,26.282635,4.3251524,0.0,0.0,0.0,0.0,0.0,0.0,0.0,0.0,0.0,0.0,-0.23160006,-0.6787271,-1.236708,-0.16095498,-1.6247497,-0.9083777,0.41961652,0.17710268,0.08680698,10.858866,15.461239,14.09831,4.3983483,0.0,79.12813,117.142685,159.36159,185.07219,196.85678,196.79543,192.77461,183.23355,129.81859,67.80911,25.642809,13.475019,81.97187,135.59286,152.7843,144.1976,139.98473,135.47195,122.40729,118.9364,133.70071,155.29135,135.81729,86.10721,24.29857,6.4077854,0.90792227,3.5682483,36.422554,113.81935,185.85468,203.26578,197.8612,190.05072,188.41435,196.276,196.75111,158.56612,123.60715,160.46555,161.52747,186.17393,207.52246,202.48521,171.25717,109.77549,68.532555,42.255043,17.005013,12.435039,63.006523,89.86459,100.23107,77.87951,62.081635,4.0428553,-59.26849,-71.7798,-71.07587,-52.589622,56.248993,133.49289,153.93488,162.65277,168.39923,166.33324,152.3207,125.88077,106.03671,80.24255,12.821169,10.561823,63.67178,103.71147,168.99095,192.55075,191.46594,191.21912,169.38947,106.59978,78.81506,174.52785,194.13373,183.43039,148.94476,115.25691,72.35802,37.174835,11.005312,-27.142103,-11.474443,26.738571,94.167625,183.90353,205.5926,206.58626,203.6639,198.09177,168.87862,75.29712,6.831546,-26.9657,-42.86333,112.359634,203.25427,226.53893,219.22577,217.45212,201.85217,152.59488,97.88677,44.508278,-11.961625,-22.571123,50.44108,103.07791,166.62917,171.99606,159.98862,133.04327,75.52763,-7.8254995,46.092567,87.892075,132.85834,164.97557,168.66757,166.47842,163.28952,157.42432,143.03687,105.9007,47.85263,-3.9960027,-36.364525,-63.89955,-91.40411,-103.81708,-93.58229,-66.24455,-34.88607,-4.9937525,0.0,0.0,0.0,0.0,0.0,0.0,0.0,0.0,0.0,0.0,0.0,0.0,0.0,0.0,0.0,0.0,0.0,0.0,-3.9603734,-64.87547,-108.79881,-88.08038,13.643436,73.43682,90.52174,86.952866,46.27831,71.03938,101.25865,103.286514,94.624466,20.209106,-36.389523,-31.946438,-4.03538,8.380533,25.581581,99.05946,125.22915,128.96768,143.94487,147.97922,127.60103,74.46796,61.65123,82.9639,94.820786,79.71629,27.745283,-22.111523,-43.198555,-53.467632,-47.08737,67.28721,118.069214,135.57224,135.11786,139.92902,151.3568,129.36186,64.56416,19.888304,37.41064,67.326324,84.8389,91.62552,45.962006,5.017474,10.706488,60.172302,102.95343,109.746994,70.73235,50.192177,56.501724,68.94992,114.4939,184.54535,198.94186,169.52415,149.44356,139.10028,128.26697,134.3418,143.42766,195.69543,237.02191,247.34708,234.82806,222.94464,208.46948,170.58537,76.78871,16.667585,110.33185,203.46902,235.1803,228.19977,208.85907,177.6834,159.97775,167.61252,189.83002,162.49344,102.53984,49.27616,-7.5431685,-59.95639,-105.06441,-124.0952,-121.00754,-100.27539,-67.49843,-32.184525,16.43541,114.60745,189.07297,211.67392,204.05612,195.14528,218.33194,210.87146,199.90756,201.25842,210.83,215.30074,215.3501,211.78786,185.19632,119.95396,160.34009,181.5438,186.51529,183.32016,175.39964,172.88756,149.22247,126.73365,128.16048,124.48912,104.31586,88.509796,84.69156,90.720024,104.50632,126.54736,173.20352,198.13954,207.04855,205.22742,210.34033,216.2409,197.56607,224.83258,259.73834,240.92764,205.25613,180.94334,169.28479,151.83578,137.39923,105.04886,50.55477,23.715214,0.57722676,-19.920094,74.7547,167.5719,190.06528,197.42813,195.19247,198.65453,188.36581,163.4111,142.05382,110.87091,84.015045,35.21747,151.88867,190.92657,191.91614,186.13051,173.71573,133.77832,77.83249,89.56975,98.07516,85.888504,5.872945,-77.94549,-106.41464,-44.423424,90.91999,156.9046,165.61844,142.45853,123.772736,120.08885,119.60214,72.268234,4.1429806,-62.85904,-117.03541,-120.50604,30.794853,111.46565,135.63011,138.21347,126.76785,96.21061,56.30111,-9.650473,-92.877686,-134.37761,-137.41302,-116.68945,-63.127674,-4.5098543,12.840862,11.766987,1.8280383,0.0,0.0,0.0,0.0,0.0,0.0,0.0,0.0,0.0,0.0,0.0,0.0
0.0,0.0,0.0,0.0,0.0,0.0,0.0,0.0,0.0,0.0,0.0,0.0,0.0,0.0,0.0,0.0,-0.2942378,-0.3881572,0.0,0.0,0.0,0.0,0.0,0.0,0.0,3.2010999,-14.403742,-43.295193,-55.220276,-84.21741,-111.95677,-119.36578,-107.72845,-98.028244,-85.62541,-62.819786,-30.564922,-40.401917,-98.281784,-105.70032,-77.3304,-56.441444,-57.82278,-29.524216,-53.877754,-76.33739,-76.88747,-48.22992,-28.612019,-12.925808,4.305926,-9.216901,-49.28715,-98.24214,-108.596855,-90.44504,-66.32707,-33.12968,-26.711536,-71.5913,-53.46016,-53.07448,-60.663925,-63.860924,-77.64972,-41.29662,-50.78499,-65.1828,-61.145836,-55.450203,-70.59654,-77.15111,-60.52219,-33.130554,-12.1681795,-4.44891,0.17474917,1.5482348,1.3718116,1.941493,1.4868321,1.1315168,0.9075692,0.77154756,0.6903104,0.56381214,0.43443465,0.25772533,0.23446459,0.16643088,0.0,0.0,0.0,0.0,-1.3719236,-5.2257338,-31.629307,-96.33491,-107.94113,-101.47621,-104.693756,-94.9937,-71.66844,-73.414055,-74.06654,-74.589035,-66.44578,-50.35647,-81.137146,-111.40146,-127.63052,-114.20584,-79.35698,-29.781284,-80.41948,-65.03709,-38.702637,-46.157017,-37.29947,-0.04995036,-28.896793,-52.03811,-84.69618,-107.20166,-129.28735,-114.18953,-82.84719,-52.570587,-36.167114,-16.746721,-47.74308,-63.916794,-64.122116,-51.680634,-40.601086,-7.0438485,9.229986,-8.247502,-20.280106,-22.390297,-20.321264,-19.538048,-64.21261,-86.28418,-89.34897,-64.22237,-23.377735,-9.420333,-3.5467517,-22.879372,-46.85936,-66.685135,-40.91248,-56.500084,-69.94777,-53.923584,-40.485023,-39.755356,-56.255257,-77.054825,-97.32236,-104.20553,-101.54291,-105.64836,-91.75335,-68.62438,-79.32826,-88.8965,-78.61996,-44.400375,-26.839703,-17.049583,-29.133661,-55.307377,-57.427788,-39.794266,-27.638206,-32.62001,-32.509556,-35.486908,-20.090057,-44.323616,-76.4957,-93.01811,-96.130035,-94.52324,-83.9686,-57.717354,-35.2193,-21.099934,-4.543316,8.670096,12.200348,-0.2990861,-8.017113,-4.221485,-0.16282952,0.0,0.0,0.0,0.0,0.0,0.0,0.0,0.0,0.0,-1.1443801,-0.5347308,-0.23602554,0.0,0.0,0.0,0.0,0.0,0.0,0.0,5.9510317,-5.1977663,-31.32037,-52.87497,-29.919693,-67.31884,-95.959564,-96.931335,-66.34729,-40.11827,-103.770096,-140.14613,-128.81749,-98.02901,-87.95134,-69.68137,-48.29162,-85.87825,-109.004166,-124.13437,-126.8324,-117.0905,-109.2757,-91.03671,-53.09983,2.3201532,13.872725,-15.713135,-11.769896,-4.9622784,5.2067556,17.83036,-21.847694,-63.802635,-103.869415,-146.4748,-112.10652,-99.70009,-112.2516,-109.9598,-104.49301,-104.29103,-88.22778,-107.67308,-127.325775,-140.127,-128.98099,-94.572495,-13.869705,-72.16533,-109.510216,-126.01212,-127.7249,-117.430984,-102.92316,-75.8929,-29.316769,22.83889,-35.30389,-52.918633,-54.48339,-32.49505,-40.847027,-64.921684,-71.006584,-67.52549,-58.609695,-41.26609,-13.396995,10.118143,21.250599,12.165321,-15.291935,-38.17153,-48.274937,-45.90517,-36.43087,-15.235727,-1.3957037,0.0,0.0,0.0,0.0,0.0,0.0,0.0,0.0,0.0,0.0,0.64935005,0.6399515,0.049595196,0.0,7.2849174,-30.37737,-47.42611,-55.042763,-65.82352,-68.749344,-72.0401,-77.94412,-83.540085,-58.302414,-31.276575,11.562959,39.08283,34.920925,13.728153,20.544613,-49.427063,-83.214615,-102.51178,-99.01596,-66.83292,-24.25111,2.377787,-45.430588,-111.858795,-109.414444,-91.07918,-73.34708,-54.539597,-46.580696,-35.90853,-22.631296,-54.134506,-86.28096,-101.42085,-95.3859,-70.37079,-22.2011,-20.969128,-85.8607,-96.27014,-90.55133,-31.175518,-3.286714,-2.9403548,-3.09445,6.5479393,13.510477,3.987064,-33.64347,-52.165733,-83.983154,-109.853935,-118.6376,-107.28373,-88.00163,-65.958664,-42.45809,-7.8157578,-0.28364915,-52.707375,-89.35571,-87.90056,-24.589422,-12.366084,-28.884827,-38.242653,-40.676796,-43.164516,-40.092854,-36.359093,-27.707386,-15.151467,11.857207,28.015036,4.2061296,-30.48689,-52.341812,-46.940125,-29.644718,-6.3529487,0.0,0.0,-22.248535,-52.92112,-53.1502,-52.80457,-61.10482,-63.51033,-71.36466,-61.567787,-48.84435,-50.8333,-105.62566,-124.79648,-119.44362,-98.20801,-83.71777,-64.25748,-45.68432,-75.93089,-72.51759,-64.24327,-71.96608,-59.819294,-24.99997,-22.284649,-28.819813,-27.563747,-23.93272,-19.365543,-26.114748,-75.88857,-122.81845,-136.32784,-128.5343,-110.08281,-79.54992,-47.261917,-29.63992,-7.9826612,15.472119,-26.302849,-46.785217,-54.83368,-70.324265,-74.44118,-82.6141,-91.806114,-92.37096,-84.00951,-59.68414,-5.1996646,-2.0369985,-39.23804,-23.313354,-35.724583,-62.305267,-53.896835,-19.159098,18.87349,-9.97667,-18.896091,1.6539419,50.221615,57.565956,14.465844,-16.502102,-32.486057,-38.439556,-32.494762,-17.507858,-25.087578,-24.629292,-5.444769,18.129448,42.313454,37.113697,30.607323,16.710337,4.0685296,0.0,0.0,0.0,0.0,0.0,0.0,0.0,0.0,0.0,0.0,0.13973543,-13.448225,-21.48573,-24.85222,-22.091595,-18.758442,-13.947932,-6.097437,-1.9908355,-31.02232,-44.094856,-39.339905,-11.051267,0.0,46.18582,-13.101995,-74.9615,-103.86597,-122.4884,-123.555145,-104.47235,-74.050316,-34.462807,-47.462975,-83.102684,-92.63967,-62.602364,-84.336975,-95.93063,-78.15869,-27.909557,-18.4618,-27.042267,-34.488537,-49.184036,-78.10492,-77.17407,-46.30232,-39.23257,-44.723785,-54.13223,-51.437283,-14.724699,28.65372,3.6631134,-40.532864,-63.001305,-65.79375,-48.06105,-12.027868,40.0258,74.77283,4.736777,-29.399632,-54.127975,-66.02854,-105.55864,-121.67293,-88.28348,-57.752735,-57.30282,-47.079906,-26.289207,-2.7528238,-15.352879,-29.834557,-25.654064,3.1861062,26.504234,10.745136,-37.46842,-39.50374,-27.498873,3.3638573,10.815431,-56.392303,-110.18048,-132.33801,-130.6586,-115.42377,-95.91008,-64.89809,-23.43916,0.18561399,-9.372381,-19.332748,-13.151428,-15.788092,-55.184948,-87.36355,-108.12987,-99.73764,-64.4147,13.521109,18.709007,-48.427715,-76.87252,-83.05218,-74.30535,-31.022587,11.006788,24.420094,7.7684536,-89.5052,-117.0114,-100.1531,-64.75006,-36.415977,-69.00668,-94.18626,-107.55345,-100.27316,-72.13622,-48.911415,-77.20127,-106.676056,-131.45865,-84.12899,-69.61894,-94.66995,-108.01035,-90.521866,-50.520424,-6.3172765,-23.598223,-56.797325,-85.36798,-77.39015,-27.807625,9.02688,-48.65179,-87.09082,-91.147934,-60.17018,-3.4097261,-46.820873,-23.329536,7.4671025,-11.322193,-58.281624,-78.53039,-82.99956,-88.97963,-82.07276,-42.412914,-7.274937,15.092613,20.287834,15.938063,11.853968,4.8205194,-11.665283,-17.705326,-15.687826,-6.344888,0.28712875,0.0,0.0,0.0,0.0,0.0,0.0,0.0,0.0,0.0,0.0,0.0,0.0,0.0,0.0,0.0,0.0,0.0,0.0,-10.056723,-72.411125,-102.02893,-77.07985,-22.527763,-37.476402,-46.9346,-31.788942,-82.685616,-68.69884,-27.934456,1.470267,33.210976,28.430977,-20.027103,-38.55223,-54.009644,-55.798683,-35.743618,-81.48848,-111.22923,-128.07848,-122.070946,-107.70346,-70.60794,12.51691,-7.5301466,-41.092216,-52.8538,-29.524885,1.5773673,-1.777775,-3.067744,-6.446366,-4.4766483,12.122253,-26.244797,-44.44885,-44.715927,-18.331003,28.479729,60.61824,68.17026,42.035168,42.742226,31.003012,19.59459,26.634033,17.225155,-29.391647,-30.424961,4.954261,24.622326,35.277153,36.87961,-23.999,-59.83715,-72.76819,-54.998222,-47.39342,-96.7374,-118.401505,-105.50751,-85.24116,-68.95549,-53.19329,-18.186922,4.8254786,-62.135254,-104.41353,-115.763695,-103.93413,-78.74504,-41.209408,7.0764217,11.162502,-14.245371,-49.804752,-73.07552,-95.53641,-120.05452,-109.62512,-102.2182,-105.277435,-100.104294,-52.94736,-17.473911,-88.14545,-117.14824,-121.92422,-108.13217,-89.71827,-78.57469,-66.27194,-51.027153,-28.819588,-20.78308,-22.69548,-22.349209,-10.628021,18.30957,43.943714,-1.988553,-35.04534,-37.947746,-9.975696,45.78222,64.99942,66.9794,72.90489,55.21885,-66.78724,-76.661255,-86.24852,-94.26141,-88.67404,-82.96918,-58.84809,-13.247675,21.646751,-39.89774,-64.43953,-59.108093,-33.043407,-9.496995,-4.3216887,-25.414742,-55.611897,-93.140724,-112.87892,-112.377625,-97.11309,-56.198395,24.236244,104.8071,97.26806,-2.9429514,-81.73003,-116.4225,-114.74357,-89.31977,-41.368233,22.446882,77.33247,71.04608,51.781124,39.335728,31.941711,-29.051838,-81.746506,-92.59268,-97.91919,-106.25986,-111.11919,-105.72279,-72.06748,-39.06743,-12.58666,21.634409,15.511098,-102.442345,-124.03307,-125.952774,-111.434525,-74.75307,-28.225857,-13.811479,-8.624347,-14.672955,-5.5489144,-42.31535,-115.67287,-152.87697,-112.06946,-47.50584,-60.468075,-75.91069,-86.42623,-77.000565,-52.857826,-18.858194,31.672798,2.9186392,-34.77395,-52.926483,-48.578583,-16.858723,-28.508963,-39.971714,-48.764473,-41.751987,-31.224997,-22.784554,-27.966377,-93.86359,-125.43446,-131.2518,-124.34267,-95.28378,-67.07123,-50.682434,-15.674385,-1.055654,0.0,0.0,0.0,0.0,0.0,0.0,0.0,0.0,0.0,0.0,0.0,0.0
0.0,0.0,0.0,0.0,0.0,0.0,0.0,0.0,0.0,0.0,0.0,0.0,0.0,0.0,0.0,0.0,0.50635093,0.66797584,0.0,0.0,0.0,0.0,0.0,0.0,0.0,3.7728326,101.28075,111.789764,106.05695,109.49107,115.05027,123.464874,134.41745,135.62009,137.80318,139.50531,141.88675,148.18121,121.7854,108.55729,43.351547,-47.264633,-36.44445,6.6511245,38.64104,46.832237,46.321663,41.461502,49.49295,55.04883,49.141403,66.003204,92.370316,96.17791,114.01086,130.0108,137.35907,128.17542,80.28027,75.32847,42.7498,29.021149,18.733732,20.767643,49.48197,55.88382,51.98587,42.691093,39.169262,28.504139,1.6825211,-19.735489,-30.20754,-36.0585,-27.04553,-7.1818457,0.50504094,1.5476518,1.3712249,1.9380443,1.4854499,1.1308935,0.90722746,0.77125704,0.6900504,0.5635998,0.43427107,0.25762874,0.23437676,0.16636868,0.0,0.0,0.0,0.0,-7.8127766,-28.292866,-28.468355,14.607907,29.061079,23.119913,26.204334,59.80584,109.905914,118.4838,112.68355,91.98379,113.504776,129.20573,99.039566,78.18471,74.755554,83.10281,93.478584,89.617065,74.989944,109.58438,128.67593,100.23346,70.87685,48.285316,58.69406,41.580338,31.607864,37.92317,66.39319,78.65398,64.352875,36.086487,29.543705,36.819637,101.337616,132.32764,140.16048,145.04709,150.48088,172.27481,183.36816,172.01167,164.00229,153.9791,128.0113,111.52852,113.665504,122.16088,120.81778,110.10577,83.898125,73.17105,79.17069,127.2063,158.22455,154.94008,128.93396,96.74904,78.135605,65.12451,54.898308,76.206436,78.47752,76.46669,71.63458,59.453476,60.16851,62.918835,69.9827,77.811935,75.95198,81.8081,73.10077,47.913406,24.611565,17.151136,20.086918,16.367685,35.37854,73.467186,120.82278,146.38235,157.02866,152.61957,123.18605,75.0772,80.095276,73.2121,66.78574,59.616417,50.297413,37.940834,39.801193,40.270092,34.488247,33.40844,28.516539,8.730415,-13.784147,-22.084183,-6.2340803,0.0,0.0,0.0,0.0,0.0,0.0,0.0,0.0,0.0,-0.35607344,-0.15849859,-0.05295085,0.0,0.0,0.0,0.0,0.0,0.0,0.0,31.480333,62.719666,94.07561,120.809494,155.19913,129.29486,127.39801,122.44832,107.66016,47.084362,27.127518,61.03002,96.17369,117.772224,111.533676,85.1258,51.76442,78.96596,88.77956,92.52576,97.99956,105.56348,104.36491,101.944405,95.94002,91.8156,102.58861,119.543205,144.97342,133.27026,102.57414,127.010544,147.28183,132.53894,112.80353,96.06869,84.93877,42.429085,11.4796295,1.2676741,16.509508,44.77198,99.68898,138.59302,157.8789,168.74509,166.00726,146.2454,102.78309,59.83506,67.627144,69.20842,64.685196,66.489624,71.67781,75.69722,61.089916,44.677773,36.074028,61.04666,84.19329,146.72058,162.19208,142.04765,132.17169,128.20465,124.713036,128.95338,134.77628,153.98643,161.27661,157.40918,143.44113,123.524055,107.00484,87.2604,59.35496,26.621536,4.5577636,0.0,0.0,0.0,0.0,0.0,0.0,0.0,0.0,0.0,0.0,0.6491055,0.63971055,0.04957652,0.0,-0.9752102,16.064022,23.112375,22.5981,16.724976,3.5688179,-4.1253386,-3.8602083,8.123507,16.30663,23.66724,37.468216,37.00159,18.2622,7.6009626,22.15443,79.622665,93.840355,104.88472,112.50229,120.40878,123.75846,87.49965,-13.534098,26.954073,85.60803,116.519394,139.2315,157.36102,155.64589,102.09961,60.173447,29.53335,11.377758,7.1445575,12.894017,19.188,11.284151,38.66323,102.870865,127.39401,139.53392,171.45274,147.77069,107.275345,78.75448,55.332005,18.053783,3.4395556,-3.6626716,54.212128,82.743835,81.35047,69.98233,67.08101,74.49129,88.91834,108.87413,117.07903,120.98442,156.92447,173.81482,192.31154,228.03818,218.02963,197.13382,181.13834,181.17432,178.71796,179.27583,177.24619,173.98682,172.64996,171.86038,167.40546,165.67096,143.21574,115.77789,88.58362,42.27439,5.039241,0.0,0.0,-40.021347,-60.820686,-24.501049,0.2693349,5.0239515,7.676735,0.63226724,-7.108247,2.3473332,23.935066,49.517715,69.94669,86.55062,109.89252,125.40013,130.84227,88.44545,95.376854,120.53168,116.39885,97.86282,97.88735,118.29635,137.26651,157.61728,174.86375,176.09833,169.11832,85.31126,17.027113,10.309605,7.814243,13.979315,13.942724,9.810467,-6.7715883,-18.571688,-8.685703,3.3520892,18.318813,27.861988,36.993004,42.100697,48.54582,50.909824,40.628075,31.857658,31.262854,26.537956,22.44939,10.540859,-8.271305,-22.236423,-24.233774,-8.929096,-3.5493066,-6.8567038,-30.904465,-30.0373,-32.663948,-29.277924,-11.291849,35.619297,-37.617874,-30.38694,-6.5767794,2.751241,-4.597177,12.127593,13.7207985,9.292566,-3.7795906,-11.916091,-20.672333,-33.70669,-19.37873,7.320085,3.7288089,0.0,0.0,0.0,0.0,0.0,0.0,0.0,0.0,0.0,0.0,0.46984315,-0.37327844,-2.0780702,-2.2557397,-0.6934574,-0.5521052,-1.251864,-0.52941954,-0.25941503,-28.18712,-39.997185,-36.39511,-11.197592,0.0,59.351585,119.92207,119.62416,96.92063,67.25931,48.83966,40.394005,43.298622,76.14058,109.00281,108.14055,106.51609,120.57298,103.29179,91.8987,80.36796,63.62062,105.65614,132.97922,144.26883,114.39578,82.58934,91.786896,120.51033,158.07216,172.52393,168.63208,146.77484,103.05713,45.17901,11.129133,20.367754,25.152992,22.986877,22.34404,22.69184,26.205137,31.375875,37.088814,69.05568,77.90753,54.916985,34.046837,29.734348,40.7679,77.28636,106.874146,116.80665,112.21771,105.6815,150.69257,154.03127,142.90321,122.55583,83.54939,61.557003,114.17833,153.89764,165.28041,157.77321,94.173744,66.116516,68.51059,66.13958,67.36252,75.430725,88.3024,119.028885,148.90683,143.63821,113.12689,163.42317,184.98811,162.2073,52.173874,36.520103,49.776886,56.919304,46.722176,35.068024,10.916517,49.929825,85.13059,102.66347,109.27272,108.84549,64.114006,28.598707,6.127389,35.0523,56.993065,84.94913,73.64636,46.097588,42.126232,37.519608,37.818356,48.123093,55.34217,89.72368,103.58095,100.975464,90.47362,53.949806,6.201078,3.378141,5.786319,3.8967159,-9.020242,-47.76074,-46.09088,-15.751458,18.154537,83.86948,113.47203,78.747375,56.21169,84.28733,98.29349,106.50247,81.666916,96.12027,148.44418,162.24652,143.15974,116.380356,109.12883,108.948685,96.412186,88.185165,89.88747,78.383804,41.82816,26.552761,40.658638,64.705734,86.44272,89.38571,83.57238,61.430374,32.342278,3.82134,0.0,0.0,0.0,0.0,0.0,0.0,0.0,0.0,0.0,0.0,0.0,0.0,0.0,0.0,0.0,0.0,0.0,0.0,9.575546,98.57501,144.32077,185.69269,209.48294,191.5315,179.58926,150.44162,101.73751,120.86936,138.31233,147.0734,123.64397,154.59805,161.99477,173.90791,177.82762,173.75928,163.99152,154.08249,138.58844,123.571396,118.07991,109.61408,88.02915,77.832825,155.14551,187.27802,182.29887,175.64944,188.14282,196.83412,195.12064,179.62798,137.91937,120.37305,128.97345,128.71826,112.19623,80.290054,46.727856,47.509766,89.68901,146.7473,174.64906,168.49724,141.0928,104.74556,80.806175,69.75946,85.57527,118.138374,121.32118,103.27576,60.241264,126.16326,148.82922,138.42477,84.86449,-8.886863,-7.2707534,48.70334,88.76651,111.25531,124.81572,108.99919,68.1819,-22.759579,-35.62989,-26.569603,-9.250839,6.6897955,10.169039,3.6889005,10.516207,7.028902,1.4180567,7.7988577,8.654392,13.423052,10.590425,0.42539036,-3.2454906,15.481129,32.92591,28.101727,0.13203812,-16.31519,26.0239,62.566032,94.4512,111.827515,115.74943,100.985504,71.434326,32.87143,-12.500465,-23.439262,-26.363014,-29.151896,-31.794891,-28.814007,-33.261276,-11.442895,2.0136104,-7.3725286,-16.241158,-11.692116,2.3809278,12.159363,11.058512,33.646698,66.948395,78.99158,67.9124,58.210518,56.162323,50.12339,42.21391,44.67332,90.20595,127.07406,155.94815,177.30722,191.94244,185.18976,153.9014,118.55648,68.4016,48.807205,39.179367,24.151747,6.6168394,-3.2850368,21.830532,-11.097471,-33.636097,-5.0501437,25.138412,43.89711,50.281815,43.1764,37.95639,56.01994,110.8284,147.68842,166.39186,163.66183,67.43556,51.55519,51.220367,52.648357,65.74724,64.768166,66.38077,95.75264,102.33799,108.436134,72.6178,13.56711,-2.551668,16.695694,30.82312,36.861366,28.972584,22.598747,13.155455,113.47247,137.10486,128.1482,120.31117,137.79716,131.36694,151.00851,130.11758,94.703064,84.83663,95.22131,121.10086,126.8792,119.61241,110.147835,121.7335,124.51563,133.57736,129.53009,85.61946,89.05872,96.666855,119.52202,141.797,176.43625,194.19785,207.85596,191.14915,176.57268,157.34781,141.78987,122.81307,87.26093,53.44557,11.104935,-0.3148123,0.0,0.0,0.0,0.0,0.0,0.0,0.0,0.0,0.0,0.0,0.0,0.0
0.0,0.0,0.0,0.0,0.0,0.0,0.0,0.0,0.0,0.0,0.0,0.0,0.0,0.0,0.0,0.0,-0.17215134,-0.22710097,0.0,0.0,0.0,0.0,0.0,0.0,0.0,3.358519,8.479654,-12.600454,-12.267807,-9.473977,-6.823488,-7.1194296,-7.343986,-12.095993,-7.8340797,-9.6113,-21.46511,-29.591042,-28.745419,-15.278293,-32.257236,-91.69475,-77.6792,-51.06125,-59.097733,-62.641926,-59.781784,-52.707863,-50.557602,-49.908752,-55.68531,-78.65379,-54.004593,-48.12097,-38.900566,-43.962208,-47.864964,-40.764336,-21.916695,-17.934525,-7.2202063,-17.090895,-26.203175,-26.767838,-28.564148,-31.729668,-35.346565,-39.127052,-31.275967,-10.811747,-2.916071,-4.699041,-8.540686,-9.672258,-7.0919104,1.9263358,2.5839267,1.5468367,1.3704026,1.9332278,1.4835134,1.1300205,0.90674907,0.77085036,0.68968564,0.56330264,0.43404305,0.25749242,0.2342527,0.16628048,0.0,0.0,0.0,0.0,-8.789518,-28.957104,-37.479004,-43.867523,-55.185234,-55.71134,-51.886696,-70.01846,-66.15604,-58.865852,-38.94889,-2.7627075,5.315112,-4.226966,-12.881569,-9.602753,-8.70657,-7.60672,-7.6502914,-21.666092,-80.89973,-72.73607,-46.657707,-13.728965,6.918848,25.838186,38.892723,22.83314,31.48007,33.83885,28.808762,24.29161,14.213428,19.88903,23.614223,36.201653,31.353912,8.589793,-10.167349,-20.535124,-18.376316,-7.668207,-12.653701,-23.3896,-26.258783,-19.502201,-10.515261,-10.541308,-3.9696145,-6.7214456,-8.320184,-7.936756,-1.3992128,7.6737614,-0.94391954,-21.703068,-10.305035,8.670912,4.288733,0.48975444,-0.44518906,5.89907,5.752447,9.068113,3.2869444,-4.4664755,-16.478333,-15.968887,-7.1143227,-8.781181,-9.813441,-8.631241,-5.997652,-0.90932906,-17.119686,-33.053604,-20.682781,-10.565027,-5.8911963,-14.981298,-42.235317,-80.51843,-81.14902,-70.293686,-66.13449,-59.591137,-53.71647,-54.499565,-57.89944,-63.85686,-66.84447,-58.26307,-52.228104,-50.439884,-44.152298,-50.99877,-62.74819,-67.838524,-66.17232,-70.12097,-67.48244,-46.73261,-8.187586,0.0,0.0,0.0,0.0,0.0,0.0,0.0,0.0,0.0,1.0701928,0.50313616,0.227923,0.0,0.0,0.0,0.0,0.0,0.0,0.0,-49.5129,-77.61815,-82.63916,-71.482124,-42.094883,-31.95441,-13.754204,2.902367,17.814503,35.97972,-48.831356,-80.567566,-88.40877,-84.29344,-65.92363,-31.291424,15.069,36.183388,33.577087,30.391632,21.680508,16.863926,14.13493,12.671194,8.309864,8.853815,-43.49449,-58.18972,-29.644962,-0.24299443,23.281452,3.8064559,3.8556285,10.737052,16.555641,8.599087,-32.334785,-44.45768,-21.608353,-11.105506,-15.710669,-25.828938,-37.637802,-29.73003,-18.224281,-11.140383,-17.39202,-27.176506,-14.869353,-9.550023,-6.7352033,-1.9738995,2.1275697,8.141713,17.016958,36.55578,52.3852,42.03379,47.51436,49.634346,50.375496,29.0206,-1.9528025,-12.883423,-8.336172,1.036706,-1.892966,0.601531,20.697313,30.413694,17.530493,-6.4362187,-21.137508,-36.505714,-45.740845,-45.28077,-33.51474,-18.726898,-4.9039106,0.0,0.0,0.0,0.0,0.0,0.0,0.0,0.0,0.0,0.0,0.64876324,0.63937324,0.04955038,0.0,-12.365577,-60.63492,-59.76738,-60.16749,-58.75676,-45.06089,-38.33504,-30.143827,-19.062656,-17.601782,-25.989548,-42.729553,-51.043015,-23.125296,0.89103746,19.020664,45.83812,42.60829,29.595905,23.471611,28.12096,24.763037,24.669783,43.569115,14.601929,6.297857,-6.848391,-16.221241,-13.131826,-10.259047,-54.29125,-73.168594,-65.573906,-56.24822,-54.058994,-54.81627,-44.053135,-22.413054,10.282148,-32.688347,-50.7948,-50.495094,-32.244713,-21.145088,-0.95307976,22.730488,32.027355,15.434097,2.760746,44.514008,55.003853,49.02551,45.125404,40.095345,38.075287,31.963112,35.353848,44.451485,43.514893,-16.432869,-63.912228,-70.045364,-51.674255,-24.204449,-2.2705736,16.467592,18.987114,20.97285,18.864616,17.967009,10.341298,5.46292,7.0218043,-7.393275,-18.126251,-31.579285,-45.053505,-52.562157,-43.51499,-16.054428,-0.18002024,0.0,0.0,-16.859934,-77.52594,-81.75545,-81.67958,-68.192444,-34.257385,19.57573,36.89613,44.46049,21.809738,0.12996683,-11.882963,-17.247316,-15.561859,-5.969471,16.658298,59.909653,104.14223,85.673645,49.88133,24.933979,10.162309,-24.434666,-42.897354,-44.98724,-44.272728,-52.282135,-48.317352,-43.557808,-31.124733,-22.945457,-22.267366,-13.841698,0.27444988,5.7109885,-0.50475556,4.463443,7.2102375,-10.94805,-14.71021,-7.610534,12.442732,26.582678,14.26868,10.462552,22.421757,27.15828,28.200563,31.473782,34.524837,43.8396,50.484863,31.50552,15.764446,3.498269,-0.032816775,4.8525333,-6.480441,-6.6342793,-4.461532,-3.6817157,-12.144405,25.685303,-13.247274,-19.288908,-34.69249,-44.09498,-53.72792,-73.7059,-80.185,-70.48201,-55.734093,-37.812996,-31.916752,-46.06463,-30.661182,2.4388204,3.4076405,0.0,0.0,0.0,0.0,0.0,0.0,0.0,0.0,0.0,0.0,0.124487445,13.95939,19.615616,23.105839,18.882904,16.6894,13.78171,6.043482,1.9639688,13.842515,19.580544,16.835545,3.7445312,0.0,41.835976,77.79784,64.50212,41.131535,13.731909,-12.364233,-33.003536,-33.271774,-75.83148,-82.506355,-79.77199,-69.24562,-44.839188,-17.432215,1.2268709,8.4283285,19.316534,22.523914,13.421827,20.135994,33.633366,26.081703,-5.6280317,-36.287346,-39.149384,-31.667402,-20.015884,-11.378506,0.63759315,-13.723655,-35.805237,-46.575813,-53.27745,-60.818474,-64.051636,-60.156754,-51.422623,-26.917381,-9.846297,-14.919762,-14.816772,-42.86599,-55.92417,-57.520184,-53.878464,-52.437923,-45.45404,-41.169777,-33.587334,-17.700325,0.28925186,12.732855,31.70272,33.07901,44.88171,24.65881,17.919855,18.751469,12.772822,-5.022537,-21.676008,-6.943662,1.5433316,-3.11684,-3.8883848,-5.836588,-10.98559,-4.948756,-9.16769,-12.256416,-22.663498,1.8082423,40.670128,57.38241,17.070246,3.661356,0.30930328,5.1501274,8.379852,18.925232,15.526942,30.845604,20.205471,6.3507338,-2.4138966,4.1775966,25.803648,22.041595,7.0925465,-57.06112,-73.98454,-48.567856,-44.736504,-56.229126,-51.917618,-40.689194,-10.57966,17.489948,19.132553,0.41072428,-9.277387,-2.5226512,-2.628374,-36.64953,-33.566093,-22.027122,-20.049423,-8.631993,-1.0479035,-39.060955,-92.29274,-74.11778,-40.435753,-0.054512203,27.374638,37.591187,45.121902,22.652306,10.994768,9.969503,15.028624,-38.065475,-38.36651,-43.996048,-13.396307,-5.234028,-9.842105,-1.154411,2.412645,-0.06542137,3.645596,15.833139,22.66585,-16.311855,-56.3684,-85.632675,-101.88337,-100.37454,-88.716324,-64.81115,-37.359253,-6.041561,0.0,0.0,0.0,0.0,0.0,0.0,0.0,0.0,0.0,0.0,0.0,0.0,0.0,0.0,0.0,0.0,0.0,0.0,3.809609,-20.226244,-37.355934,-21.735363,-3.5900304,9.090498,12.808281,12.664894,8.1027775,13.280184,23.993763,29.992329,16.04043,-47.76081,-74.365616,-70.340645,-48.671272,-22.706043,12.79681,20.861885,8.551349,7.7544146,15.130064,30.186653,45.03994,36.64317,64.465485,55.09561,37.967506,11.428064,-21.970665,-33.765575,-35.89622,-32.451973,-22.141068,-2.0252626,5.969471,3.2666287,7.1520224,16.767784,19.454315,-5.1428657,-36.903156,-17.747467,-8.901025,11.919721,33.116943,47.295235,-31.069275,-82.4292,-72.203064,-17.933456,26.443817,45.306335,42.886345,21.565481,28.333199,43.73517,39.670555,33.174694,65.50044,46.021408,20.22354,11.392424,26.970448,58.718727,67.31988,26.184694,48.98899,59.047005,54.493614,47.07763,49.853634,60.306305,37.29422,3.4918752,-10.512143,-14.807679,-19.387634,-31.293674,-45.899437,-41.562332,-25.946758,-11.272463,7.8024817,23.83443,37.37662,-25.898676,-62.44391,-61.852596,-56.54148,-60.007084,-59.155457,-54.065033,-38.055725,-16.357107,-16.383278,-16.292309,-15.987019,-17.568161,-22.961124,-25.875313,-19.749632,-10.268988,-6.7160664,-22.31787,-47.02461,-62.891792,-79.028015,-81.31884,-45.79051,2.6571615,7.2797284,0.7571336,-6.7015266,-7.6139174,0.33517432,5.513447,0.3351333,-8.537937,19.053295,14.057141,1.1608047,-9.337062,-13.600571,3.807907,33.45697,41.437096,18.142178,0.47676796,-1.0841501,2.322529,-10.370176,-24.73758,-26.814117,-58.131786,-46.285465,-35.723396,-34.246117,-33.71007,-24.573738,-12.94507,-16.079578,-41.014137,-65.26109,-73.15031,-63.77983,-46.08916,-42.89401,-17.312183,-12.9498415,-12.117197,-21.537487,-11.55883,-3.2604327,3.576469,6.0889025,25.239994,24.07761,6.8718357,-29.890686,-41.8342,-49.56022,-49.25151,-41.40989,-19.104662,4.59574,45.75593,40.44947,35.604164,9.493568,-28.286953,-27.487438,1.3696779,-7.1585274,-5.906271,-7.0338984,-10.100734,-12.351643,-19.361305,-16.074863,-53.95347,-89.55802,-103.441185,-86.907074,-70.98018,-67.26092,-31.786293,-3.9656696,17.08435,27.89049,34.933693,24.926987,-5.718073,-27.795704,-30.389885,-27.810186,-18.250343,-8.922277,13.911638,19.370663,11.569094,1.2591704,0.0,0.0,0.0,0.0,0.0,0.0,0.0,0.0,0.0,0.0,0.0,0.0
0.0,0.0,0.0,0.0,0.0,0.0,0.0,0.0,0.0,0.0,0.0,0.0,0.0,0.0,0.0,0.0,-0.34778684,-0.45879892,0.0,0.0,0.0,0.0,0.0,0.0,0.0,2.6698215,-11.293354,3.7588766,19.623558,6.491503,-5.8493204,-14.538304,-18.61771,-19.65018,-18.6923,7.407181,45.088318,62.662334,70.8116,64.40555,23.577864,3.7380228,11.647242,9.543371,-37.53001,-49.201206,-53.52684,-61.44329,-65.57851,-62.267067,-47.97065,29.315044,82.47883,79.99161,68.257904,67.86711,64.92794,56.444077,36.71334,21.853462,-1.2238288,-3.674727,-2.2581503,-3.52251,1.1470649,6.319486,-4.045502,-11.776421,-9.636343,-2.9619348,-4.5606737,-0.56518483,-1.0778675,2.1622772,9.638315,7.924034,3.2789025,1.5457867,1.3693483,1.9270508,1.4810297,1.1289022,0.9061342,0.7703276,0.6892189,0.56292063,0.43374774,0.2573183,0.23409432,0.1661682,0.0,0.0,0.0,0.0,-3.67494,-9.302225,-2.1496518,-6.5042987,-7.8663254,-5.4606876,5.8409452,49.719994,60.12188,56.575882,57.470345,36.828747,15.636117,-15.191949,-14.058567,-19.827888,-23.633816,-17.992579,-9.396465,24.955177,30.28501,33.165672,29.201387,13.468882,7.6020374,19.479279,47.618847,42.763355,18.502033,-5.4024196,-21.950706,-35.41095,-37.440384,-18.428997,-10.854595,-8.282689,-42.556343,-45.072388,-36.926407,-32.858055,-36.804,-31.062054,7.243492,42.25274,58.49521,57.95208,43.303795,7.8219748,-17.0938,-24.932299,-31.086216,-41.78968,-38.615837,-34.14932,-16.662853,-1.0378625,13.311569,26.34695,5.8779135,-3.9778137,-8.332019,-2.4511006,-1.4024758,-9.038507,-13.294669,-15.144495,-14.864941,-14.078296,-11.962035,-16.568583,-14.062998,5.966357,28.020199,48.5532,39.85006,18.119566,7.263439,9.089228,6.3947954,-1.4591594,17.895058,46.1954,54.95241,55.505844,51.682808,51.040096,31.99924,8.130601,-0.0009873509,-15.490844,-35.331875,-54.393997,-66.1058,-69.10136,-68.5228,-73.32245,-73.85022,-71.08342,-57.695435,-50.216656,-40.40732,-23.424685,-4.1936874,0.0,0.0,0.0,0.0,0.0,0.0,0.0,0.0,0.0,0.5760791,0.25705317,0.08683996,0.0,0.0,0.0,0.0,0.0,0.0,0.0,40.754066,68.54149,66.59755,58.67253,46.87017,23.023184,-7.4642663,-26.438755,-24.412354,21.432161,40.58914,25.937796,17.06295,20.565155,17.546902,6.131149,15.863466,-1.384285,-18.188343,-33.896477,-44.715195,-49.336243,-48.965466,-48.891617,-50.628426,-35.605057,22.874859,32.218872,35.782646,29.027882,11.953282,29.204765,46.738087,44.05111,23.259953,41.320236,32.270603,35.904266,16.814018,-7.4854994,-3.7180068,1.0633919,4.5168085,30.208149,49.368114,51.93567,41.241364,26.289696,14.044168,-14.110085,-24.012926,-26.447289,-25.944443,-27.939537,-31.996994,-28.283094,-12.556311,5.0157743,19.850285,20.587917,5.1600323,-29.16729,-45.937675,-35.60018,-21.425175,-14.533922,-19.5526,-37.861824,-60.78138,-45.668243,14.715826,55.415344,72.55942,68.97902,58.577988,48.116272,35.215076,21.126968,3.7646904,0.0,0.0,0.0,0.0,0.0,0.0,0.0,0.0,0.0,0.0,0.6483233,0.6389397,0.04951678,0.0,-20.005756,-59.73161,-52.811,-46.14624,-29.749878,-12.600415,-7.9457974,-5.510353,-6.3579044,0.7746959,10.90163,-11.672611,-27.058346,-19.32344,-3.8280149,3.934147,-43.56873,-49.660316,-51.57315,-52.508636,-52.109806,-49.123596,-28.84195,38.747078,75.66626,95.258446,95.04705,88.67406,94.79076,102.47748,58.439198,16.94688,-0.9813365,-0.85790443,6.2316446,2.9337084,2.0617704,2.7450595,-14.149912,11.3854,36.7888,50.161667,42.47285,47.427727,35.10928,20.82473,12.681139,10.414978,2.0238912,29.239155,6.09992,-18.666265,-29.456707,-34.103893,-29.427887,-30.47519,-35.825703,-37.83947,-34.97096,9.391037,6.292076,3.327897,17.885159,18.021305,-8.16961,-38.206985,-47.21876,-47.663475,-43.83484,-42.71678,-45.02046,-48.347256,-51.94989,-13.906307,26.857319,55.71322,59.600937,45.305214,30.476452,12.230896,4.7466297,0.0,0.0,15.232455,11.219642,8.639559,-4.531741,-16.232344,-20.13831,9.100316,21.813757,33.1962,0.85602367,-28.00074,-32.32248,-35.769363,-39.024036,-40.387318,-39.522316,-11.485706,24.761192,5.0701385,-21.196123,-29.669447,-18.282059,17.558353,45.876266,51.533077,48.045864,37.3139,31.203938,54.649643,13.180906,-10.896788,-14.388622,-17.946121,-13.868124,-7.010819,2.649992,12.171392,16.851662,12.453352,-6.5262885,-20.673658,-27.806633,-22.94745,-32.751938,-38.01084,-29.098923,-23.103228,-19.9362,-11.676529,1.9650137,28.310781,26.506104,8.199189,7.112377,-3.0870137,-5.582939,-3.9156127,3.5972476,-13.66686,-18.133736,-10.7954445,6.890274,24.174389,10.369981,-17.34773,-39.658974,-49.332596,-48.134335,-52.67655,-51.789116,-41.556335,-32.42756,-17.462631,-8.944338,-17.67638,-12.176018,2.3830013,3.1969428,0.0,0.0,0.0,0.0,0.0,0.0,0.0,0.0,0.0,0.0,1.4467214,7.7949085,7.6143775,6.423646,7.066271,4.6287127,2.0633109,0.87609565,0.42901993,34.44689,48.54098,43.934364,13.031417,0.0,22.098995,-8.566157,-39.59176,-39.677544,-32.38993,-29.480791,-33.254173,-35.52946,10.312496,48.97377,59.75193,60.020126,47.6774,19.003147,-8.490292,-18.807137,-31.727224,-80.13957,-97.157036,-96.29931,-60.730766,-33.668472,1.9134312,37.98461,51.075226,58.081,62.52407,48.260574,23.499954,18.111403,-26.050482,-51.372963,-52.72256,-54.17993,-58.381866,-60.42414,-48.87811,-30.840553,-24.825373,-24.446815,-15.792162,-14.263751,-16.474447,-16.95288,23.65308,55.705612,70.18112,81.1982,78.565414,44.83304,18.397606,5.8231034,-15.245167,-20.083147,-6.6605654,51.216133,71.206375,84.675644,89.571724,80.75751,62.601795,15.964893,-19.341618,-31.914865,-32.73917,-34.093826,-42.618805,-46.383278,-60.204372,-59.90297,-30.845901,-19.482157,-20.597982,-27.570543,-3.2295198,-15.576506,-27.573757,-26.813648,-15.568291,2.9514632,4.9418535,8.394061,-0.5508415,-4.198303,-8.912275,-9.043711,5.9710207,13.903952,8.427512,27.987705,43.38047,61.538223,41.058464,-15.867075,-39.231537,-46.791843,-37.360832,-29.331299,-11.904321,1.6850784,-0.96730614,15.55213,24.800333,9.863526,13.161434,-9.19121,-19.853756,-16.143965,-7.4826365,-8.667065,-7.959112,-3.542422,14.110476,42.109467,57.03882,59.91128,-0.6695336,-15.79421,-22.113401,-25.169228,-17.609835,0.7677095,26.339062,18.67269,6.3593287,-4.286846,-16.964264,-31.06808,-27.00077,-24.202408,-37.77511,-41.55361,-11.632612,29.013674,43.69175,50.3472,59.20581,67.70828,61.909035,46.74156,26.932957,5.606797,0.0,0.0,0.0,0.0,0.0,0.0,0.0,0.0,0.0,0.0,0.0,0.0,0.0,0.0,0.0,0.0,0.0,0.0,-10.56139,-32.69131,-26.828384,-9.002483,-20.3664,-41.0189,-51.051674,-34.899147,-5.3959775,5.2098207,-1.652605,-19.30804,-11.341564,20.076468,15.574091,13.292593,15.183308,19.785864,10.428698,-28.711168,-36.331913,-41.886276,-46.799377,-43.75102,-26.03812,15.780314,-14.024107,-48.913265,-57.056885,-34.437263,3.7894378,18.468657,30.535698,35.98204,37.35431,-16.097305,-50.293472,-72.5276,-84.46565,-83.26497,-61.39582,-20.525917,34.789886,42.545982,18.571209,-7.711816,-25.788841,-23.109928,18.160643,8.53861,5.4578996,3.8749635,-18.885986,-25.528648,4.929899,-2.7423198,6.6902604,20.1433,21.569757,27.430857,1.5575556,-19.2449,-34.448242,-44.66188,-56.24001,-50.8099,-30.06554,17.304523,1.5713358,-28.916538,-38.73999,-40.11197,-31.909988,-7.0796876,18.098167,-0.8175893,-26.235828,-19.962849,-13.410754,-9.262029,-5.0508614,2.174251,-1.1321567,-7.288366,-14.764282,-11.981791,18.039818,27.821226,40.409874,55.423927,59.459187,53.234455,43.917194,36.52166,27.402296,19.275335,-4.168406,-13.277283,-15.028227,-16.149822,-10.001251,-11.171852,-5.3438387,-6.4030533,-8.5011635,-8.650257,-17.84686,-21.852755,-27.603958,-29.06773,-14.799574,5.168431,-7.648525,-32.552235,-40.86309,-37.288696,-27.519627,-20.067345,-2.1911883,15.056344,-38.05719,-57.84861,-68.82004,-80.772705,-86.14371,-79.62248,-72.76072,-63.40911,-45.921333,-41.109184,-39.10188,-33.22317,-28.486837,-29.284685,-35.90217,-36.535027,-17.025843,-22.375809,-26.80909,-28.293438,-19.032036,-7.7805195,-9.111783,21.96289,33.577003,40.16369,45.420036,56.097458,48.52495,5.3048515,-7.2723594,-16.90497,-24.31261,-27.27806,-35.03628,-43.30137,-49.504417,-53.28762,-39.80642,-3.9343069,-12.777176,-11.347283,-2.118571,3.0729518,3.3814743,5.723275,9.223532,4.208934,-2.7072933,-3.640409,-31.62148,-26.04144,-11.554723,3.8392074,-25.144825,-46.614407,-61.230843,-67.54915,-76.2157,-80.114075,-81.05815,-19.008018,11.919716,12.166774,37.531975,51.083603,20.74426,3.795185,-8.144497,-33.024284,-47.25115,-53.597122,-44.889256,-17.15191,-13.350277,-5.7785063,-5.4644775,-10.852019,-30.971525,-39.898422,-37.74421,-14.220663,-0.515872,0.0,0.0,0.0,0.0,0.0,0.0,0.0,0.0,0.0,0.0,0.0,0.0
0.0,0.0,0.0,0.0,0.0,0.0,0.0,0.0,0.0,0.0,0.0,0.0,0.0,0.0,0.0,0.0,0.49248922,0.6496896,0.0,0.0,0.0,0.0,0.0,0.0,0.0,3.0091453,9.678762,5.7707906,2.722657,7.688344,-8.900118,-18.592308,-12.71254,-12.176792,-15.3040905,-23.636524,-33.82541,-33.16203,-25.261173,-14.28323,0.47285753,20.93674,32.470776,35.568695,36.16523,33.80628,30.307518,21.790745,28.312502,36.534386,45.064053,17.253624,1.8864925,-13.996566,-37.770508,-38.396297,-28.389763,-14.791161,-19.048367,-25.11938,-23.617863,-23.41105,-18.459076,-11.545504,8.977251,23.633705,21.898144,30.617897,26.337526,22.400982,27.52774,38.940453,37.17835,24.372175,14.097717,3.5716095,1.5556107,1.544505,1.3680592,1.9195285,1.4779961,1.1275356,0.90538275,0.76968884,0.6886474,0.56245387,0.43338805,0.25710443,0.23389973,0.16602993,0.0,0.0,0.0,0.0,3.9101,14.479428,41.345066,34.94944,27.849495,17.258167,3.9920156,-8.9505205,-11.431494,-20.628983,-23.039574,-24.092957,-18.281364,-30.464869,-20.870464,-18.762707,-10.566391,-5.6857576,-1.9592597,-9.965777,-29.995525,-25.575106,-21.968124,-6.133384,5.1594934,14.532271,8.011896,0.4423823,-8.473772,-13.107325,-14.305268,-10.18681,-4.024138,-27.431263,-40.507446,-54.614677,-56.944176,-54.84052,-43.505867,-33.692345,-32.405273,-32.895126,-42.216843,-44.838104,-42.23992,-37.823875,-33.137413,-36.472504,-32.610153,-27.322329,-18.405262,-14.264441,-34.093994,-44.173645,-51.727085,-44.654755,-35.08857,-25.037064,-32.499672,-21.480776,-15.054926,-10.955872,-7.867011,-11.043646,-11.997236,-13.34563,-9.882242,-7.1930957,1.3468297,10.255334,2.8494492,-9.098448,-10.247653,-3.4581864,-3.488831,1.600486,8.187146,4.7988048,9.925146,7.5409765,-10.774796,-29.17944,-28.445086,-33.53883,-31.45192,-16.670761,-10.22214,21.18826,27.871603,33.503498,32.88584,37.291145,38.54736,34.54499,33.374252,38.158012,47.207474,50.447746,54.05367,55.926346,45.121826,22.198421,1.6980369,0.0,0.0,0.0,0.0,0.0,0.0,0.0,0.0,0.0,-0.9502373,-0.45193636,-0.21464923,0.0,0.0,0.0,0.0,0.0,0.0,0.0,-13.552961,-30.592949,-35.585762,-40.016495,-57.601166,-50.501358,-22.649887,-2.5940928,0.42152637,-2.6915064,-40.51023,-62.938156,-62.556225,-37.1037,-16.785702,-0.77326226,-5.2765465,0.67612976,4.159371,6.2966957,4.3943834,4.0330467,13.218837,14.921421,6.47509,-15.029237,-8.177823,-18.420557,-34.54329,-39.76837,-28.558807,-31.654411,-20.371822,-18.024752,-21.735954,-25.169025,-33.207287,-27.87843,-24.246906,-20.879976,-17.237099,-15.588968,-18.65612,-18.808136,-16.575039,-20.575535,-25.351711,-22.161345,-24.784393,-6.376003,5.3375235,5.036975,-3.4792848,-10.877825,-13.497101,-19.732172,-32.39476,-17.398304,1.9313715,7.8280697,10.159762,3.332065,-1.7813923,-6.9205317,-7.666772,-9.997589,-1.4144876,5.0241575,-3.089175,-33.532555,-57.946526,-59.10886,-52.81897,-49.327766,-39.68676,-29.284878,-21.77465,-9.688885,-0.23038967,0.0,0.0,0.0,0.0,0.0,0.0,0.0,0.0,0.0,0.0,0.64778566,0.63840985,0.049475715,0.0,-11.490288,44.929718,32.757576,25.326286,14.0779915,9.048382,3.750761,-5.194367,-4.4146686,1.6047748,11.208115,-23.599625,-34.69191,-28.915005,-6.099585,-5.885087,-7.929038,-7.4885087,-2.2948432,4.550243,2.9715567,6.9142866,5.7367425,-10.955156,-45.3518,-46.048203,-46.73533,-39.716652,-30.807978,-23.486645,-15.038908,10.149944,15.809751,11.051766,7.9331694,8.767764,12.0190735,14.311904,17.66066,25.664257,18.241625,4.746916,-19.454304,-14.942501,2.3615282,4.023144,7.664757,4.2145705,1.304923,5.5786333,27.80273,32.15419,17.183313,0.09003878,-4.133118,-0.82783246,5.5253897,9.358245,11.036284,31.143475,19.516743,-1.7498586,1.8749418,-16.727245,-39.27838,-35.032578,-39.70417,-32.90744,-26.29572,-23.141657,-19.024412,-7.904788,-10.968357,-45.571552,-63.16197,-44.44196,-34.51409,-33.582977,-28.03835,-17.526657,-7.5847526,0.0,0.0,22.477127,52.692024,66.2264,68.0838,54.003693,31.100677,23.718056,14.519505,11.582008,9.08265,7.911746,4.5858784,1.6164646,4.030061,11.748177,9.112376,-3.621934,-12.5086565,-16.183361,-19.71981,-31.574453,-39.97905,-56.971497,-54.45455,-57.700665,-50.51571,-47.20016,-36.88137,3.5697746,14.371315,20.708755,22.132807,25.742563,29.82248,25.619072,18.874252,8.229401,3.501418,5.8452406,14.211552,13.621696,3.8824735,3.2458506,-1.461344,-1.5011699,-10.643742,-16.097061,-13.384263,-8.784655,-6.8296456,12.668661,18.817188,3.4192882,3.8988614,4.9678116,4.897466,2.8349347,-0.63691574,4.0225706,3.889412,7.394756,23.06667,21.06313,2.4160972,13.802418,36.12738,46.674908,50.027832,72.25181,76.13289,65.10091,42.81042,31.289104,14.880554,9.14435,8.298024,4.547653,3.1489267,0.0,0.0,0.0,0.0,0.0,0.0,0.0,0.0,0.0,0.0,-1.3063161,-16.550516,-23.326035,-24.418495,-22.536835,-18.800724,-13.508122,-5.9542675,-1.9195784,6.3481865,8.865931,9.178516,4.4759707,0.0,-12.402418,-26.270035,-10.796108,-4.1006145,-0.45081413,13.514833,32.633224,41.28782,28.380085,11.7725,-2.9404912,-18.804644,-35.148117,-25.316853,-6.93536,0.52746683,-4.192664,-17.085608,-19.366083,-33.90281,-40.72058,-26.425022,-35.756332,-37.868057,-35.603035,-35.53847,-12.9112835,10.72427,23.005447,28.630234,9.507418,23.849789,33.282837,38.312187,36.612423,28.684334,23.904953,6.7965527,25.141735,27.459538,32.36971,35.95134,22.590338,17.376812,0.021928072,-21.043756,-21.369896,-14.417448,-3.4119818,-9.749664,-38.470383,-34.97219,-22.12358,-16.621078,-7.0241723,-53.02907,-61.46971,-51.90483,-38.566784,-28.903091,-48.460747,-29.896088,-20.80696,-17.52929,-14.527386,-12.959862,-9.623588,-4.2549844,-6.243928,-11.365219,1.9184788,-12.917955,-47.755592,-51.374557,-12.529568,-3.3787396,10.624102,19.22208,21.719513,13.721077,-8.4640255,-31.625332,-21.402473,-14.083679,-3.0592175,14.135263,15.108345,12.488596,7.3621535,14.865793,-11.878624,-11.073405,-11.248683,22.010113,40.296555,39.90056,29.912424,10.096096,-8.213906,-16.260832,-30.468376,-22.236294,-10.924477,-12.269127,-4.837399,4.484353,4.212719,4.1068783,9.25754,19.239895,-0.61693895,-21.562313,-20.597956,-20.376595,-31.097767,-25.754543,-25.520992,-17.722103,-9.924922,-0.12957114,8.676031,37.25363,46.406,36.39092,-0.17019421,-13.116333,-13.259205,-9.663912,-12.158556,-14.570936,-20.152126,-18.201279,-3.311336,-10.225153,-30.461466,-28.010624,-17.740234,-11.214071,-6.4237766,-2.1315382,-1.2678862,-1.9644322,0.0,0.0,0.0,0.0,0.0,0.0,0.0,0.0,0.0,0.0,0.0,0.0,0.0,0.0,0.0,0.0,0.0,0.0,1.9489429,14.002019,-0.37921965,-2.1187425,-38.778427,-47.28572,-36.644974,-21.760014,-14.004717,-13.770374,-33.324417,-49.427055,-52.588833,-56.64988,-64.117165,-62.172413,-62.017647,-57.634216,-46.61621,-14.1978655,-6.383754,-2.6261165,-3.8239887,-5.322472,-8.420938,-20.424297,-46.51024,-53.243233,-46.951416,-52.041245,-53.584225,-53.1703,-40.82994,-27.41625,-17.470716,-69.28421,-70.31228,-57.87972,-39.752075,-29.856352,-42.50164,-54.341583,-61.939075,-54.23755,-61.687492,-69.884094,-67.77881,-51.42014,-31.922588,-50.96759,-53.865227,-46.55016,-42.19158,-26.498306,0.4049081,-5.4418936,-17.63379,-20.783142,-15.159456,-16.413237,-34.170776,-15.744304,-1.4885075,1.4374545,-7.1829824,-27.483912,-40.42888,-13.136235,-32.65449,-42.474796,-38.864494,-27.858402,-24.884829,-35.120964,-12.441969,-3.805056,12.438303,16.154926,18.281012,24.616524,23.885206,7.711219,-4.441673,-16.961826,-14.767635,-14.696823,-16.908236,-49.09017,-56.294388,-54.161903,-47.226597,-38.452835,-29.782955,-19.380835,-8.352598,-7.911544,-24.03892,3.189529,24.22889,29.40353,22.686092,7.228855,12.804137,19.115421,21.319618,27.828426,29.61865,32.651093,41.86573,43.920223,21.89721,-24.272144,-25.53305,-14.46452,-5.2840066,2.6668859,5.5380135,4.8530583,7.976396,7.609277,-15.291439,-19.748638,-23.569094,-24.152866,-13.892149,-18.211237,-28.679325,-27.747675,-8.609867,-1.8789239,0.37104774,10.046443,18.995975,9.054383,-17.593876,1.3660667,26.6946,31.809143,25.93066,20.62981,23.151587,19.05632,5.525567,-29.838455,-59.25486,-61.435238,-58.518345,-44.353436,-48.50364,-31.574852,-23.047073,-7.598528,6.7053823,-0.36824608,-7.3848586,-1.2421267,-3.2253904,-20.863224,-27.171558,-6.0874033,21.914047,21.938677,17.092339,15.395939,15.790606,18.564045,7.7972965,-21.840336,-31.739607,-29.341614,-7.1092997,-37.11883,-55.23037,-54.201614,-67.33623,-45.64273,-30.68665,-12.075752,5.048697,16.351822,8.62812,-28.032246,-38.66702,-39.864456,-33.573074,-31.668507,-60.553932,-51.78043,-52.998825,-41.292442,-41.37073,-31.132414,-25.169994,-27.366924,-35.406994,-31.973463,-36.39273,-35.793816,-46.993294,-53.084023,-48.41687,-27.165947,-3.3978224,0.0,0.0,0.0,0.0,0.0,0.0,0.0,0.0,0.0,0.0,0.0,0.0
0.0,0.0,0.0,0.0,0.0,0.0,0.0,0.0,0.0,0.0,0.0,0.0,0.0,0.0,0.0,0.0,-0.10583389,-0.13961548,0.0,0.0,0.0,0.0,0.0,0.0,0.0,2.848844,11.788923,-2.6564987,-26.734901,-36.766853,-30.876936,-21.674232,-8.44618,-3.9663801,-3.4838128,-7.4998055,-0.1442715,-7.3825874,-12.254879,-12.5008545,-0.2648394,-12.731579,-22.637253,-24.522615,-15.421814,-18.167854,-15.920525,-5.8677845,-1.0218873,4.646605,8.039185,-9.620855,-26.572607,-22.521114,-34.04017,-28.965836,-19.06419,-11.39276,-26.436405,-25.698574,-21.843237,-19.117664,-15.708565,-16.816666,-36.250854,-34.349834,-38.984497,-35.386932,-33.560368,-22.97906,-10.353368,-1.8901548,4.700898,7.55846,5.8676567,-2.5396752,0.020628482,1.5429907,1.3665366,1.9106748,1.4744208,1.1259212,0.90449506,0.7689342,0.6879722,0.5619024,0.43296313,0.2568528,0.23367089,0.16586761,0.0,0.0,0.0,0.0,8.67507,26.108423,21.15536,-19.101265,-23.474163,-22.143082,-20.847876,-12.488106,-12.884653,-13.087219,-17.399391,-23.383686,-17.41065,-15.723072,-27.885483,-33.140057,-38.694332,-42.416306,-39.576145,-13.829424,-5.0554056,-2.686851,-8.372009,-18.293957,-23.103373,-11.625989,-33.213165,-34.211945,-30.259193,-30.818611,-37.999214,-34.60614,-18.15653,-5.667863,-4.9020963,-7.065684,2.980352,4.0745907,4.2829275,5.1862693,6.5637608,10.726868,26.665495,27.96593,23.464478,22.726349,24.266586,1.1384456,-6.432967,-6.32545,-2.1469557,9.02351,9.455249,6.372538,-13.831898,-27.772362,-22.372059,-21.325123,-36.432457,-41.38801,-47.84725,-43.297813,-11.889118,3.8911867,1.2699944,-19.220776,-37.182755,-42.778152,-46.887703,-47.14029,-33.182156,-14.980226,-8.060357,-5.667366,-13.22684,-11.299164,-14.822042,-23.376072,-37.499763,-46.236984,-42.15162,-35.769867,-23.531544,-22.316196,-24.55869,-24.28664,-37.53559,-40.828587,-37.124367,-26.09095,-17.208584,-11.773001,-7.2427673,-0.37252212,8.116257,14.010508,24.054543,28.03222,33.12121,41.934578,41.646904,30.215307,5.7457914,0.0,0.0,0.0,0.0,0.0,0.0,0.0,0.0,0.0,-0.7708489,-0.345259,-0.11865043,0.0,0.0,0.0,0.0,0.0,0.0,0.0,-14.83012,-22.804752,-20.739658,-7.259532,-17.188917,-19.056889,-28.79478,-31.805416,-26.014563,-32.466904,-51.978085,-43.836117,-30.283607,-12.625648,-5.488678,-3.377366,-30.041252,-31.981403,-32.732475,-34.14879,-35.136627,-29.759205,-25.372532,-26.559034,-23.638805,-23.83495,-47.81037,-48.751602,-59.25896,-63.911674,-52.75412,-27.102503,-7.6473885,1.6461192,3.4627774,-7.554483,-14.799967,-30.91507,-39.15565,-39.126152,-37.065228,-35.483513,-4.591651,4.368052,6.1114664,1.963743,-7.2648516,-12.874527,-43.22181,-52.220432,-51.083088,-44.639526,-34.46473,-31.664383,-32.766792,-34.38704,-35.172592,-15.520807,-24.982414,-29.559006,-21.975912,-25.084993,-23.182919,-27.892532,-26.367958,-22.845339,-18.703718,-11.785063,-1.8270671,3.213905,0.7574473,-3.877551,-2.0331156,-9.522682,-13.94931,-20.160698,-23.189716,-17.567738,-4.4439507,0.0,0.0,0.0,0.0,0.0,0.0,0.0,0.0,0.0,0.0,0.6471506,0.6377839,0.049427208,0.0,-4.6152477,7.8158603,9.733254,8.736058,10.957924,14.299789,8.475093,-8.627501,-23.689308,-27.855433,0.0033714771,-28.342037,-30.431467,-24.807018,-6.2094274,-2.9668455,-19.712662,-25.02531,-23.51815,-21.476341,-21.974155,-16.26988,-6.0778065,-36.23981,-47.14709,-24.773266,-14.866201,-7.2104225,-3.1445389,-7.5119534,-0.4390427,2.9178438,-5.058488,-10.767417,-20.110521,-31.535702,-29.914795,-16.561686,6.0511284,-12.463632,-19.010822,-30.86985,-54.185158,-81.22178,-79.346954,-65.81538,-39.161343,-9.009048,0.6725269,-15.32823,-25.283138,-37.498955,-45.784653,-39.40354,-29.360275,-27.133793,-24.392004,-20.031311,-15.071302,-16.46327,2.6657803,16.844645,31.030478,7.5766535,-10.749725,-16.034815,-13.835675,-12.750355,-14.780214,-17.209867,-24.402802,-32.234295,-36.831192,-12.383461,-2.6240394,-2.2112458,0.41308033,-2.7621074,-6.904156,-7.859039,-3.1121216,0.0,0.0,6.263715,-19.513298,-25.025616,-27.260632,-24.556082,-18.036737,-0.5347492,-0.00094127655,-9.751472,-41.113518,-60.96593,-57.749672,-49.92842,-37.131058,-26.488312,-22.851368,-19.022003,-42.45201,-43.718063,-30.29792,-34.9265,-30.439983,-13.252122,-9.994755,-15.275605,-9.028152,-4.736129,-3.24903,-16.134663,-36.8943,-32.445736,-26.673733,-23.76641,-21.71162,-21.389484,-19.43407,-14.7518425,-11.9218645,-33.12337,-36.338448,-33.572556,-23.025793,-16.119644,-28.807623,-32.59629,-40.282562,-45.88989,-43.927982,-31.301216,-12.615053,6.202819,15.06358,3.138784,-19.517498,-32.664658,-31.7732,-21.773832,-19.49562,-11.202657,-3.3399587,4.3874574,11.635988,11.189938,-13.610683,-1.0186694,1.7167598,2.3763132,3.7385273,3.5803652,0.4198427,-1.9830711,-0.62538576,12.196144,19.186811,13.940742,14.346388,6.459296,3.2591734,0.0,0.0,0.0,0.0,0.0,0.0,0.0,0.0,0.0,0.0,0.1101712,-3.088585,-5.8748913,-7.107943,-6.713235,-4.847319,-2.8406067,-1.2134539,-0.59366524,-28.143476,-39.240944,-35.055794,-9.442386,0.0,-37.915688,-51.626087,-39.26243,-38.627647,-44.552124,-41.026337,-24.537313,-8.396329,-15.025908,-19.825136,-18.04997,-27.465338,-34.633232,-34.56402,-35.697342,-30.925343,-9.662987,7.7461815,12.430276,2.6350582,-29.26789,-44.224037,-39.227654,-31.514496,-25.898224,-32.71608,-23.176506,-6.9547873,3.3941872,20.327087,4.4598703,-6.1441927,-12.6512785,-12.778544,-16.779661,-18.828718,-8.024024,1.6485573,15.126858,16.546242,9.289696,-2.422293,-23.283703,-29.897465,-7.764612,6.5801525,11.613889,9.829758,9.8676195,-0.86620003,2.638896,-1.9457269,-9.584642,-12.879479,-0.36706662,13.521737,39.641907,50.618397,54.14657,37.311066,-27.844498,-33.800995,-27.118814,-19.131727,-13.893726,-18.327599,-17.62256,-14.82914,-6.80995,2.9176898,2.8691776,-4.379132,-21.990856,-31.650045,-42.26313,-48.37516,-45.723568,-44.52066,-32.313236,-1.3329843,-13.462656,-14.7803335,-16.923412,-17.808517,-18.85619,-10.714064,5.0567193,5.0166163,3.9217484,-1.6936481,-19.31474,-18.592796,-22.500753,-9.308476,-14.421497,-23.655941,-34.140083,-37.193275,-27.687485,-15.358253,-19.222507,-20.085213,-12.96039,-17.564749,-31.827732,-38.55433,-34.99292,-30.004236,-16.901546,10.485506,8.145809,5.4662886,2.5734808,-12.628289,-47.719955,-61.403122,-48.3127,-44.19973,-32.236378,-15.4893265,6.395305,3.2564294,20.734798,19.425303,0.6514815,-13.648161,-21.24759,-22.193352,-30.3284,-34.265427,-25.342276,-13.664709,3.2793553,-4.9922247,-19.041752,-29.448284,-32.500027,-37.168144,-39.552597,-37.84847,-22.792435,-2.843626,0.0,0.0,0.0,0.0,0.0,0.0,0.0,0.0,0.0,0.0,0.0,0.0,0.0,0.0,0.0,0.0,0.0,0.0,8.378107,8.787786,15.445835,19.145638,-9.4539,-19.775475,-26.512154,-21.145023,6.4257755,6.4039845,-9.508974,-24.160826,-32.368725,-28.585701,-15.923388,-1.624217,3.5665116,1.4585032,-12.401649,-29.404549,-30.234888,-29.42288,-30.300274,-31.078465,-24.372984,-5.944342,-1.1313069,-20.292679,-23.789223,-13.859749,0.31415138,9.122521,19.2748,29.97631,34.68363,1.3565592,-2.386007,-0.33016872,10.499433,27.568348,26.68197,5.9511423,-9.587875,2.046596,-4.133846,-14.18369,-15.044649,-12.298451,-9.320707,-9.295968,-3.881464,4.333392,1.8588934,6.5920553,16.273739,7.8338037,2.625989,-12.363902,-20.38208,-33.736275,-21.023645,-31.57526,-37.842354,-37.052406,-25.008492,-16.328058,-12.173241,-17.89753,-25.101017,-10.446901,-10.194113,-9.58522,-5.6279173,-9.010057,-10.090649,-3.6827393,28.913471,5.9874907,-10.1168,-20.372196,-25.388107,-17.496296,-16.430367,-28.520746,-44.84227,-32.474552,-19.152822,-39.772808,-41.25659,-36.72432,-23.346508,-16.529636,-20.11303,-25.987663,-30.586166,-22.586388,-16.808239,12.061124,15.603912,14.886953,17.312725,20.900846,-5.6410146,-22.159601,-27.282505,-14.424806,7.537656,3.943675,-5.5809746,-6.701025,-7.639124,-35.086555,-37.424603,-33.716915,-40.275925,-50.226776,-54.04075,-50.758553,-49.93468,-54.82112,-32.801506,-28.808094,-24.137714,-16.390831,-14.133733,-13.456526,-3.9005914,-10.244627,-30.664299,-46.95466,-45.715454,-30.13863,-8.607151,7.7999063,-2.3665094,12.527357,-5.3478084,-37.956062,-55.16526,-55.544827,-49.36978,-41.70237,-28.549194,-17.941307,3.3359718,12.611822,12.081496,8.672182,-16.82308,-28.837234,-32.99304,-39.12113,-49.277916,-49.35735,-45.118668,-34.386932,-16.648159,-11.745245,-11.521347,-5.616123,-28.392773,-34.035275,-29.853384,-28.815361,-25.442448,-18.525015,-16.505165,-52.056255,-56.879818,-47.93981,-0.3490727,6.984507,3.0919807,0.2569337,-14.463256,-5.9635773,-1.5892814,0.03204739,3.596782,10.725602,15.914865,6.645278,3.0764349,12.573526,7.295994,2.8593092,-29.353077,-37.66932,-30.542994,-30.851864,-34.894608,-25.88422,-15.119896,-9.896795,1.3866414,17.259624,17.305449,9.834154,-17.228897,-35.551937,-39.8552,-19.851616,-2.9386723,0.0,0.0,0.0,0.0,0.0,0.0,0.0,0.0,0.0,0.0,0.0,0.0
0.0,0.0,0.0,0.0,0.0,0.0,0.0,0.0,0.0,0.0,0.0,0.0,0.0,0.0,0.0,0.0,-0.3950094,-0.52109426,0.0,0.0,0.0,0.0,0.0,0.0,0.0,1.9596181,21.234375,29.998528,13.052628,-1.1052814,0.2537348,-1.845816,-4.080302,-10.21568,-7.4397182,4.8277225,24.838112,42.110085,39.692467,39.565636,47.234375,17.77916,13.696724,-0.81824434,0.52475727,1.2356569,1.2495443,-2.5130486,-7.7592564,-8.746274,-8.273969,23.718983,20.083847,23.035109,15.060529,26.466545,33.89023,37.1772,15.017971,8.402882,-6.3548946,-9.063753,-6.794669,-7.3798327,-3.243484,-15.012155,-18.887634,-18.29691,-15.007711,-15.054436,-8.157994,-8.136398,-13.035456,-8.169851,4.3759193,0.39003652,0.9756087,1.5412447,1.36478,1.9005059,1.4702996,1.1240585,0.903473,0.7680656,0.6871924,0.5612644,0.43247393,0.25656345,0.23340586,0.16567937,0.0,0.0,0.0,0.0,7.3727493,20.249508,20.56966,17.305836,7.766389,4.734091,11.355425,31.681591,34.375385,37.217144,37.329742,28.37172,28.203163,34.266937,23.047941,14.700582,12.758098,17.112804,22.084694,26.76204,40.348564,38.115772,29.35962,14.166133,6.248439,5.714739,6.3128853,9.994889,-1.6362586,-6.136218,-1.6169379,1.5645367,9.595003,22.471643,22.850763,22.780224,7.3958774,10.127333,2.2707725,-1.3923647,7.346102,17.948574,20.046627,25.168217,22.563995,27.724499,45.529697,38.910484,21.258759,16.286434,9.432057,13.996365,36.477116,42.707268,53.390694,54.518513,46.4504,36.521973,19.30912,22.627579,25.099035,23.206223,35.642628,40.07508,35.23609,20.138508,10.432501,6.757633,5.1982355,4.22537,4.074894,13.932665,23.894215,24.403328,3.7073135,-3.7102826,1.5636926,12.808821,5.7629647,-2.5492167,11.035589,22.441338,28.32259,23.006367,18.223454,22.543999,8.91153,-18.019306,-24.923832,-25.41069,-20.438786,-16.738667,-15.7343445,-15.254251,-14.066671,-15.704826,-13.864639,-14.257734,-7.5360947,6.294369,19.7774,26.741753,6.481946,0.0,0.0,0.0,0.0,0.0,0.0,0.0,0.0,0.0,0.7898663,0.3832519,0.1965298,0.0,0.0,0.0,0.0,0.0,0.0,0.0,29.601433,43.967247,42.307156,45.71958,34.404305,14.03429,8.164493,5.4162025,2.8007448,-1.1024432,19.703836,12.076057,20.788858,31.05083,29.663078,23.478132,-8.995201,-0.56624603,0.95009166,-0.72908723,-3.1887767,-1.2072524,2.2597976,4.63531,12.972421,25.460705,30.00346,27.29916,22.655008,16.776478,4.49733,8.437898,21.322182,32.69038,33.13727,15.317873,5.125926,-1.7437687,-5.3301,-4.0809646,7.870966,23.497395,18.096622,14.666304,12.450838,11.475864,11.515942,17.863129,-8.037199,-9.067111,-1.7923117,8.562927,13.882919,15.489621,16.247593,14.45531,7.7175016,-0.21104431,1.7935976,5.5415115,0.291425,3.6492872,19.91899,17.637205,14.52101,10.188817,5.6418867,0.45487344,-4.20952,6.718746,23.17833,37.529335,51.200863,56.554398,56.842525,55.27312,48.379692,28.371151,5.4575734,0.0,0.0,0.0,0.0,0.0,0.0,0.0,0.0,0.0,0.0,0.646416,0.6370619,0.04937125,0.0,-5.889625,-20.38286,-18.010206,-10.707178,-5.2941475,-10.408104,-14.992439,-14.33634,-7.593837,0.75347114,10.064211,-11.042139,-8.231369,-7.737175,-3.7946095,1.678307,-11.327297,-16.708712,-16.404192,-13.794741,-7.442629,-15.076321,-17.38903,-5.674711,18.810522,31.398094,40.183113,46.094635,49.036373,38.718468,19.53247,-6.0463076,-1.863543,9.258086,19.019424,16.593721,9.564087,-2.335152,-3.0060775,11.144252,22.991287,26.530884,10.665418,-11.064748,-36.60373,-44.897774,-33.031853,-8.56382,0.17949496,-21.600899,-36.550934,-34.08433,-23.274128,-17.144075,-6.927982,2.8844333,-2.3546288,-14.513676,-21.538025,-4.8432026,-0.7211853,13.892478,25.884012,4.970649,12.350384,19.059814,14.803177,11.610641,11.172171,11.398455,10.452283,9.437327,7.348901,15.077637,24.971315,34.219032,45.458584,45.593945,38.51275,25.26438,9.178846,0.0,0.0,-7.677338,-12.856394,-13.097023,-16.28649,-9.66053,-2.2678146,-0.17746931,-4.302736,-7.9863887,-23.334229,-9.696267,1.9795375,6.404852,-3.8202577,-6.311741,-1.0434184,-7.281172,-21.014107,-19.390997,-1.6466235,9.350315,15.457731,28.675007,38.615944,44.10945,49.273224,52.38721,54.18666,16.215479,-5.8205113,-17.69277,-15.272072,-11.732282,-3.4119902,4.096232,-6.3337193,-10.11862,-3.201315,-13.3335705,-11.696091,-11.301702,-5.957121,2.6790025,0.55730045,-3.3419423,-3.8470273,-3.3538346,-7.5483007,-11.540813,-12.534323,-10.801266,-10.597368,-14.774942,-14.803816,-15.282841,-15.09758,-21.37703,-32.333595,-42.269196,-40.6513,-33.76596,-17.180635,-1.7610747,-16.956924,-14.275175,-18.953415,-25.550827,-26.679758,-32.513012,-32.00494,-22.615446,-16.89046,-8.459898,10.828619,8.278745,11.228184,7.6083794,3.4682057,0.0,0.0,0.0,0.0,0.0,0.0,0.0,0.0,0.0,0.0,0.8210833,15.589433,21.080406,23.708456,23.131172,19.48138,13.132225,5.8308506,1.8582344,-21.35268,-29.445965,-27.802254,-9.89908,0.0,-7.930793,2.4692693,0.47574365,-7.5629644,-20.436153,-28.196707,-29.477121,-24.153265,0.9243727,14.501437,24.747217,17.629433,17.927757,12.231064,3.9014497,3.5029712,7.0652113,6.264671,17.639069,29.839264,22.895191,17.143284,29.521986,30.795296,31.191462,22.789791,19.062365,20.572643,14.086931,18.775543,7.0005794,-10.960121,-12.764364,-7.5971994,-7.351262,-10.225006,-6.214591,2.8124826,-8.538694,-0.989152,1.1719811,5.6553655,8.474958,6.954365,15.008865,28.979513,34.98922,34.13678,29.53437,12.929053,16.344105,12.921199,9.263412,6.1246243,-1.7677016,36.328102,65.6199,71.00282,70.65196,47.78115,17.513725,10.206324,4.282558,4.2660484,12.933544,15.52965,9.355515,5.3874307,10.225962,15.519481,9.545458,6.9642773,19.938288,22.921797,12.716709,8.393747,1.6634954,-7.1971073,-13.240988,-1.3167964,-1.2522025,18.571697,21.805492,22.712345,15.703535,5.8398275,6.6570206,-2.5227032,0.9900844,14.609808,8.715029,17.208038,14.147837,-14.908552,-23.514532,-28.362885,-26.136208,-13.851597,3.349647,16.887703,18.183083,11.220139,7.029805,-3.7479103,-12.420612,-6.732854,-1.4838697,-1.709025,-5.3095207,-1.3925786,9.759025,9.430971,9.258904,4.177951,-22.111868,-28.354301,-11.697716,3.0300698,9.729593,6.829517,-2.2879183,-19.73465,-10.839264,-6.767727,15.816575,18.009527,12.336521,4.534951,4.944706,7.7332454,2.1329713,-6.5405855,-0.7211681,14.0222435,18.567095,14.424995,17.814678,29.7035,31.58461,30.19421,21.774242,5.2855606,0.0,0.0,0.0,0.0,0.0,0.0,0.0,0.0,0.0,0.0,0.0,0.0,0.0,0.0,0.0,0.0,0.0,0.0,-5.5630803,4.477833,16.215237,14.163475,8.08453,19.405003,21.276716,19.237034,15.912788,19.014608,27.857803,39.368515,36.038605,45.440403,57.67298,71.87924,70.78457,64.20904,36.250824,6.0964274,1.0218315,-3.2357042,-6.431346,-0.6967833,5.812205,0.9626907,6.133118,16.099325,24.432125,29.572021,28.651608,30.383228,34.059357,34.036514,33.382923,29.72229,38.27823,42.48303,35.925705,30.918854,30.635466,42.02384,49.871704,37.95813,26.101112,27.145397,25.86779,15.517857,4.1968484,4.6547465,7.9494295,24.717546,34.615818,29.09816,22.33975,24.468317,30.087395,14.4222975,-5.545247,-9.627971,-3.8515286,2.3844137,4.5729146,7.4252577,8.320042,3.375681,-2.4456906,-17.29098,-19.657972,-19.181362,-13.328564,-16.599972,-20.663582,-5.7574368,1.0354683,-1.7569647,15.512957,3.0379372,3.9075298,11.690718,18.932686,9.451239,4.97603,5.5363703,7.047825,-0.2269952,5.419612,31.704182,26.766533,25.675112,34.451714,36.567276,34.84693,36.72261,29.974804,21.970173,15.789761,-7.509027,-36.695545,-43.72729,-24.549511,-1.7023792,-20.19687,-25.137037,-29.862545,-27.884933,-21.010368,-14.928197,-9.407318,-5.4327536,9.4053545,35.0699,26.875454,14.202093,5.276492,-3.1696784,-10.475433,-17.931162,-11.927929,14.641209,14.7122965,17.75375,22.913044,25.51329,13.046678,8.298487,23.950542,33.25889,9.669855,-1.1280582,-7.0171976,-18.071314,-15.819122,-9.2227335,-2.3941746,2.3363974,-23.519424,-25.415955,-14.329462,-1.3319845,-2.228967,-2.9294655,5.424447,19.258778,37.20456,49.603226,45.924435,36.665672,19.974426,13.841747,11.4991865,14.815098,14.813024,18.283615,13.285675,9.012447,9.180735,6.618161,-1.0682688,-5.2759223,16.07543,20.112347,22.750229,16.75749,7.10655,-4.6483307,3.648499,5.613325,13.831223,11.579673,3.5456522,29.463923,35.373062,38.28521,40.26407,32.982567,21.067905,19.570015,17.89049,16.020077,19.00338,43.736694,60.823666,68.36412,55.551773,50.21125,37.712112,37.976448,38.80876,28.8984,23.743473,16.042921,8.627261,3.921548,18.120796,27.366055,28.815802,28.285181,10.971603,5.7065525,2.609877,-0.73912436,-0.17023098,0.0,0.0,0.0,0.0,0.0,0.0,0.0,0.0,0.0,0.0,0.0,0.0
0.0,0.0,0.0,0.0,0.0,0.0,0.0,0.0,0.0,0.0,0.0,0.0,0.0,0.0,0.0,0.0,0.46966693,0.6195825,0.0,0.0,0.0,0.0,0.0,0.0,0.0,1.94449,9.666046,8.74614,-1.8290652,-7.126609,-21.915428,-29.312374,-27.93224,-28.90032,-32.49833,-42.971703,-46.531265,-21.043194,-11.703763,-8.367647,8.411407,-7.4189672,-8.180568,-21.143482,-23.58057,-22.482512,-21.888033,-21.460058,-12.713662,-10.314615,-12.99789,-28.659023,-21.80098,-7.791206,-21.709225,-21.619812,-10.915033,-4.0211535,-13.285162,-8.177061,12.303602,21.421402,21.783173,16.20391,-6.1637626,-15.953997,-4.3008294,12.946915,17.799942,20.770876,31.249802,29.832619,26.978836,25.258526,20.413689,9.178001,2.956532,1.539265,1.3627928,1.8890517,1.4656479,1.1219574,0.9023112,0.76707757,0.686311,0.5605457,0.43191773,0.25623265,0.23310664,0.16546711,0.0,0.0,0.0,0.0,1.0250599,3.1551945,4.2969246,-8.785391,-7.4963603,-6.757416,-8.544602,-14.980571,-14.633452,-10.418783,-4.5353746,-15.95537,-23.29964,-22.523714,-18.090073,-15.45435,-16.45797,-20.076439,-17.517113,-20.533003,-8.059246,-21.060875,-29.239212,-20.467651,-11.927064,-3.8192036,2.8895354,2.0133438,3.0934901,1.9468119,-5.3946505,-10.0157585,-8.977711,-23.026672,-23.480705,-12.537071,-7.4651327,-10.558222,-14.59362,-17.589088,-14.183031,-8.488181,-22.627007,-17.480064,-13.363697,-9.923771,4.0786653,-0.50079465,-20.025894,-20.874382,-20.588326,-18.381453,-12.9802265,-9.938623,-16.369858,-18.36206,-11.997673,-2.2829325,-2.3076072,-6.266611,-6.201251,-3.1432219,12.286821,12.898935,15.176458,7.5091696,2.479668,1.9899638,6.842849,6.5104117,-4.666584,-5.4953995,10.582621,17.076483,-9.153393,-27.708817,-27.649042,-27.367485,-7.643838,0.8203883,-13.983257,-18.599123,-10.350013,-1.0553869,5.86911,11.661745,6.2522907,-28.46843,-30.551983,-29.465717,-25.595451,-15.627225,-11.702539,-12.951406,-8.306656,-4.3532653,1.572045,0.8246777,-1.6218301,5.4983606,15.365292,16.869595,3.2270198,0.0,0.0,0.0,0.0,0.0,0.0,0.0,0.0,0.0,0.93190694,0.419598,0.14762683,0.0,0.0,0.0,0.0,0.0,0.0,0.0,-26.560577,-23.354527,-11.887486,-14.933695,-28.842663,-44.07853,-36.793213,-30.378986,-34.91888,-17.817713,-14.024172,-19.981771,-15.817171,-9.795183,-5.9222527,-2.8461518,-7.9956236,-3.4035354,-3.384195,-6.039753,-8.463892,-6.5913067,-1.2586565,1.0380061,6.137559,-3.7859879,-27.287296,-30.827759,-26.938707,-15.105687,-4.44428,-5.17389,-3.8777535,-2.0096889,3.6398988,-8.648345,-29.033533,-22.013435,-4.9088798,4.4273,3.1318395,-6.6898217,-8.906784,-5.0770445,-3.5297801,-4.1174545,-7.903838,-11.519237,-17.715816,12.552715,14.161542,12.321627,1.967765,-2.6590679,0.88502586,1.1241679,3.8565562,-0.6676348,18.320854,18.401974,13.350363,-0.36823386,-11.63364,-15.532482,-14.970095,-17.526022,-14.689869,-10.067047,-16.3971,-40.092323,-55.59693,-53.861053,-44.98603,-31.375519,-20.019192,-17.443604,-14.5862875,-6.1655416,-1.7239994,0.0,0.0,0.0,0.0,0.0,0.0,0.0,0.0,0.0,0.0,0.645588,0.63624394,0.04930786,0.0,2.5009196,-9.622517,-3.0452456,-4.5372033,-8.540375,-12.160877,-5.5537796,-1.360308,-2.195537,-10.70661,-16.015911,-28.838488,-21.170206,-10.338681,-0.42454323,-0.14673996,5.7554846,3.8687544,1.4095497,-2.3334668,-7.307789,-14.669427,-18.469711,24.116545,-8.561565,-5.9497,-7.766472,-2.6698937,2.5555236,0.8552821,-26.109116,-44.162468,-34.581398,-29.144812,-26.71471,-25.475174,-20.419064,-14.08973,8.754462,5.182002,7.6953993,6.175923,-16.077011,-10.845605,-3.4808965,1.3742926,6.9392514,1.8801966,-0.14351502,4.1040792,13.242924,20.477745,20.524055,8.625864,-4.12472,-8.80612,-8.378132,-8.452177,-9.004845,-15.057203,-27.703674,-33.97313,-29.858727,-52.251244,-40.55454,-27.333601,-20.659807,-19.066347,-15.815208,-18.209223,-18.967913,-11.6420765,-13.784401,-37.80169,-46.21405,-37.824715,-27.93148,-21.581383,-23.529741,-14.812209,-4.000013,0.0,0.0,-5.4559774,14.731755,12.822271,8.780893,6.77555,3.2968354,-17.760777,-32.171436,-43.21584,-1.3084306,20.641552,13.628146,4.001131,-12.889832,-14.723946,-13.601643,-9.878815,-4.6246576,-11.716589,-17.046886,-24.413174,-32.85125,-37.651394,-17.71342,-9.3088665,-6.0529323,-1.1439245,1.1451985,-17.52406,4.1845694,14.368982,14.233154,16.192268,24.813011,36.859474,22.327126,9.56365,9.981001,16.500608,20.447731,22.132385,25.987795,23.57133,17.878555,10.663516,7.3238006,5.154018,-1.8074036,-10.69193,-17.138977,-18.59951,-13.977945,-12.391819,-7.666277,-7.452899,-9.318806,-12.025602,-14.756222,-21.69463,-26.306978,-30.002562,-23.827486,-10.723642,-6.450124,0.6345214,9.186607,10.598244,9.330151,10.45022,8.6768265,5.49067,-2.8951414,-5.623127,7.887766,9.330311,11.17701,8.811344,3.6811185,0.0,0.0,0.0,0.0,0.0,0.0,0.0,0.0,0.0,0.0,-0.10712033,5.204635,6.0195446,6.89705,3.8327572,3.0639167,3.5711598,1.5379391,0.7514632,13.338642,18.372992,15.62988,2.5890012,0.0,-9.60406,1.8426499,3.6607337,1.6028044,-1.6729013,-8.567671,-15.686378,-14.788368,-30.604076,-17.81867,-6.1048455,-13.365652,-23.190783,-22.475628,-8.629643,3.003966,-2.566285,-7.8142447,-8.040356,-9.163532,-0.862667,-6.1390243,-27.82228,-22.661076,-6.559528,-3.6492448,-2.6680317,1.2112883,-6.738449,-41.471054,-20.83648,1.9695781,12.817373,22.20137,29.440205,32.0328,25.895945,13.241594,8.657875,1.7196592,1.5278058,-7.3755383,-16.086535,-18.122871,-18.009125,-14.342799,-13.2447195,-12.631732,-17.19448,-35.537228,-52.071274,-47.789135,-38.698685,-36.894676,-31.93983,-40.022797,-24.780144,-15.595442,-11.320711,-20.21579,-8.503691,-1.7435435,4.756446,4.145015,-0.10887468,-7.226454,-15.46497,-24.410353,-30.069645,-31.22762,-26.308496,-48.681797,-36.23612,-16.270966,7.966038,17.274956,18.916567,17.97239,10.763201,2.584046,13.389151,-9.7155485,-15.768741,-20.756617,-25.752945,-20.96099,-6.051501,-6.1966047,1.0300415,-48.413383,-56.518105,-39.640675,-23.069296,-29.909283,-21.776466,-13.235584,-0.8123143,6.3770113,-3.34716,-11.292834,-4.729867,-15.021286,-22.30928,-29.057762,-9.355885,2.7584567,3.3892264,1.1617805,-2.754716,-10.318261,-35.5662,-43.421463,-41.118454,-43.697334,-45.898087,-28.226324,-2.1479216,-13.530987,-21.412956,-26.065382,-20.085602,-32.537155,-37.046234,-35.459602,-15.904314,-22.69209,-20.278156,-11.2736025,-13.808344,-15.438932,-17.181019,-14.107846,-4.646055,-23.127789,-38.19525,-31.205315,-25.765984,-12.172428,-4.9879284,-1.6688085,-6.061935,-4.476011,0.0,0.0,0.0,0.0,0.0,0.0,0.0,0.0,0.0,0.0,0.0,0.0,0.0,0.0,0.0,0.0,0.0,0.0,-5.1778674,-17.328827,-29.151373,-39.24524,-37.784122,-22.941568,-16.954689,-25.649982,-41.202133,-41.617558,-36.4831,-20.666925,-15.307447,-18.197403,-4.416136,4.2664995,1.724697,-0.17751595,-16.799906,-24.259254,-19.65683,-15.4282055,-14.42193,-10.575055,-5.2825737,-11.341804,-34.759403,-13.91374,-9.785164,-17.16859,-30.554718,-37.836395,-34.943245,-29.987583,-16.481762,-22.761856,-25.138535,-21.22194,-17.073374,-12.995151,-14.653582,-28.20935,-36.409363,-49.016388,-57.884415,-51.462128,-43.12209,-33.828896,-26.785004,-25.30352,-31.76041,-23.71446,-5.1879954,5.985757,14.165197,-9.394121,-6.0504537,-11.213472,-21.931278,-10.705568,-16.358307,-9.904637,-10.044393,-10.344112,-9.851858,-11.1972885,-13.875231,-19.271662,-3.3417206,-2.1315935,-0.66973585,-4.3980284,-8.718135,1.8242601,-1.6305802,0.3635284,-1.1761819,-6.5151324,-5.5087366,-5.407399,-11.163962,-4.0067077,5.2728124,6.9156966,1.6573837,1.3786396,1.6530197,-18.690865,-20.10284,-21.503918,-16.252857,-4.9387555,-5.302357,-4.6278467,4.0125093,4.891161,18.213806,5.911831,-17.71254,-22.037395,-26.342186,-35.338844,-25.14993,-10.92196,-8.56505,-18.993584,-26.2532,-21.380398,-14.498329,-14.362462,-7.8004704,-1.0848124,-10.140924,-10.208986,-2.9522834,7.3360977,8.996464,8.901464,9.301793,12.063044,3.2698925,-0.5773203,-3.6284652,-11.490816,-25.845137,-25.900948,-9.087167,23.395958,15.921677,12.074524,8.847206,-1.713901,-14.868624,-17.421257,-5.749218,-15.527349,-27.456326,-1.6437289,14.789244,21.62642,17.05458,15.339722,6.616231,-14.096167,-24.607485,-21.495281,-15.114931,-11.4564905,-11.891638,-7.3642473,-0.663097,11.793135,18.643505,10.486919,2.5323224,-3.2998946,-5.5093546,-6.2881937,-8.687216,-5.3105755,21.915627,11.696239,-2.064142,-8.617662,-4.730566,4.15875,18.83065,1.4822552,-3.0689368,-8.40338,-9.17548,-12.838725,-7.3860345,-1.9723423,-1.5912287,-12.070357,-19.325027,-17.605917,-13.024214,-11.594947,-12.675672,-36.77749,-22.785889,-11.239997,-16.781784,-19.612343,-5.7415094,-4.153741,-5.6612873,-2.9544659,-4.1594067,-11.493414,-23.296522,-33.845146,-24.617933,-20.324955,-19.075806,-18.054478,-21.11262,-10.451382,-3.5852056,-2.802267,0.71004975,0.0,0.0,0.0,0.0,0.0,0.0,0.0,0.0,0.0,0.0,0.0,0.0
0.0,0.0,0.0,0.0,0.0,0.0,0.0,0.0,0.0,0.0,0.0,0.0,0.0,0.0,0.0,0.0,-0.037591547,-0.04959041,0.0,0.0,0.0,0.0,0.0,0.0,0.0,1.9836895,30.582561,24.04716,7.3265533,-6.4040966,-17.396893,-19.512833,-14.040435,-9.613884,-11.195363,-2.4632149,-0.19061933,-4.0871954,0.39817953,1.8192025,6.9643626,8.4845295,3.5093856,-12.180624,-25.668167,-31.581564,-31.57858,-24.133831,-18.702625,-17.925072,-18.138573,-13.05298,-5.2777467,7.4215355,-10.653199,-8.400755,1.5009835,7.173539,11.87545,9.389583,0.26540738,3.2091696,5.784382,9.694111,15.997374,9.215452,15.819593,12.763767,11.583515,20.528828,23.933208,17.617529,21.302029,27.944736,21.83118,10.482023,2.9685228,1.5370544,1.360573,1.876327,1.460459,1.1196101,0.9010153,0.7659759,0.6853254,0.5597406,0.43129742,0.25586417,0.2327714,0.16522901,0.0,0.0,0.0,0.0,-5.8728666,-14.073494,-4.9724503,-13.883299,-6.9246974,1.408591,10.641866,24.869183,11.972551,3.4520416,4.7619634,-7.193141,-11.257881,-13.589634,-12.980196,-15.033207,-18.887056,-20.581617,-15.867549,4.4681797,27.531445,17.313763,-1.6870787,-10.738496,-20.721699,-15.417656,-0.755714,-3.1747665,-9.915682,-22.697678,-26.581001,-35.262764,-36.282143,-37.908886,-35.741467,-28.187943,-11.239365,-1.9200969,5.7069287,3.893984,-2.1845102,12.4694195,34.65198,43.15756,40.09617,34.31147,22.401316,4.1233697,-9.978297,-8.655175,-6.886554,-14.430523,-35.26127,-46.597168,-53.184277,-45.58159,-30.28751,-20.497002,-18.532188,-30.72361,-32.897972,-25.854984,-8.088879,-1.658888,1.6463995,-1.8499523,-9.449255,-14.616549,-17.179487,-16.03212,0.12540483,17.156641,33.050453,39.101513,21.543303,-1.1443248,-23.052505,-40.840538,-36.42092,-18.808735,1.8854125,6.810337,8.696617,9.901239,10.24765,10.34358,10.874487,9.32789,6.113677,-3.1594138,-10.80666,-17.16603,-20.879791,-17.119576,-13.795378,-12.517704,-0.98366535,8.981921,6.1547575,0.8759937,-0.4322362,-2.6464634,-0.50137144,0.0,0.0,0.0,0.0,0.0,0.0,0.0,0.0,0.0,-0.59623826,-0.29992098,-0.17402312,0.0,0.0,0.0,0.0,0.0,0.0,0.0,12.293123,6.497343,-0.3645866,-1.3353686,3.137795,-1.1930267,-19.027676,-34.84964,-37.958748,-17.266155,6.462626,11.097174,8.29685,-1.8077501,-5.078313,-4.1566257,9.167725,-18.266344,-30.343685,-40.16301,-39.589783,-33.03734,-34.027573,-45.124767,-53.2931,-49.096436,-31.438957,-25.214724,-20.00858,-15.417346,-12.643513,5.8179054,20.506573,17.069078,14.901826,25.900166,11.377708,10.903358,1.6780932,-12.141691,-9.258793,3.8939948,9.057448,22.789072,29.712465,27.966625,16.01905,-0.07360226,-7.9287357,-16.307526,-19.865303,-17.459122,-18.790882,-22.158726,-27.096119,-32.08259,-26.608728,-9.133661,8.603132,10.349691,12.169121,-0.35859707,-21.594227,-23.325827,-19.1581,-20.934475,-26.789116,-28.912487,-26.450184,-7.061683,3.4827,-4.450231,-9.180313,-8.041733,-4.1527605,-4.7436295,-8.422931,-6.814314,-1.8395224,0.0,0.0,0.0,0.0,0.0,0.0,0.0,0.0,0.0,0.0,0.64466083,0.6353302,0.049237046,0.0,12.629828,-17.066893,-23.076283,-19.75868,-14.252969,-7.2063556,4.8491926,-1.6784017,-5.2308884,5.1110506,14.458799,16.5622,14.15091,7.1780653,2.6391888,-0.8200333,-28.072449,-33.658443,-36.663544,-38.848434,-34.474323,-21.862984,-18.63544,6.4825597,36.302288,50.645676,45.184746,37.16978,41.71118,42.99708,17.363773,6.6932707,8.163662,10.741484,9.505756,3.600051,4.3877125,3.0352695,9.4049835,22.925716,23.289438,14.698099,-8.667519,4.316351,13.460066,17.6235,13.012463,1.068187,-0.29080197,14.448673,-0.032482862,-21.637394,-32.730026,-34.314636,-33.37366,-46.653427,-50.491615,-39.128456,-29.646748,-0.6834968,15.918123,16.042664,24.91224,2.5145726,-4.9130387,-19.420837,-10.949219,-13.028984,-15.617552,-18.272556,-21.857105,-21.210423,-22.816978,-7.184516,-4.107228,-4.2408414,-7.354459,-2.9739528,-1.8456922,-5.058078,-2.501725,0.0,0.0,2.314002,19.875437,13.9819,4.0779786,-11.765931,-24.706314,-35.354362,-35.852394,-38.11269,-20.849697,-25.760849,-27.955196,-30.763268,-31.393486,-29.100311,-31.991968,-19.17648,-5.9909916,1.0436012,-4.711712,-14.201616,-11.634943,9.072523,22.690577,28.954544,35.79753,41.376354,38.614056,23.922325,0.9503578,-3.31402,-2.8157666,-6.7735786,-7.468707,-7.265495,3.2315278,8.9537525,12.993718,17.210083,11.706785,10.134866,10.90624,2.8777034,-4.1121006,-8.812885,-13.926878,-19.333384,-22.61211,-16.901016,-7.123646,-9.207109,-6.309655,-8.623324,-15.302998,-19.277164,-20.098097,-13.912987,11.488395,16.90615,11.685499,1.9444743,-8.639795,-12.503195,7.304144,2.7450223,-5.417037,-4.184869,-2.8316965,-2.751355,1.3720963,-0.45952222,-0.027756989,8.861252,14.160843,16.961048,16.43338,10.540774,3.7987065,0.0,0.0,0.0,0.0,0.0,0.0,0.0,0.0,0.0,0.0,0.7625826,-9.632394,-16.22192,-19.970814,-17.185343,-15.913555,-12.660969,-5.674689,-1.7807474,26.107485,35.280434,32.73149,10.476159,0.0,-30.70412,-51.805664,-52.715725,-49.420742,-38.933174,-30.914497,-28.91677,-30.307861,-8.134951,0.51196504,15.492623,15.965281,-2.2766442,-10.477379,-24.135633,-27.932175,-29.563576,-30.488125,-30.455196,-37.765495,-34.449535,-34.924522,-13.281802,1.9975263,8.38821,0.43985683,-8.185499,-5.1490335,-17.737242,-66.1671,-44.92907,-33.340492,-26.688541,-23.486757,-23.202568,-20.33881,-14.10409,-4.635039,30.857115,35.134224,25.456572,6.8964415,-0.7427219,-1.397247,21.377594,28.430954,25.340405,26.42509,20.670471,7.1052127,-8.231814,-15.474636,-28.7024,-28.979126,-25.197578,-4.439765,16.240864,18.550102,21.373444,19.491375,21.429245,-0.5807968,-12.506424,-16.786148,-16.428474,-19.484741,-13.535275,-8.195692,-2.6238303,-1.7189472,15.501347,4.1248903,-6.954945,-14.330785,-8.667974,-13.515915,-16.490263,-16.646608,-10.741564,-5.494643,8.726429,16.49072,0.5382637,-9.015257,-14.731209,-13.690411,-3.309267,-3.9265852,3.270378,-8.852167,-11.1575775,-1.1542802,6.260692,-0.9566401,-12.883583,-17.671509,-18.196407,-20.040066,-10.231898,7.582377,22.041649,19.83493,16.52314,4.9700975,6.2833314,-4.123744,-4.3486824,-8.805314,-18.924582,-16.83265,-1.6400746,6.7397547,8.734144,3.38548,11.79237,19.867096,-6.4003315,-11.800581,-11.483824,-10.960272,-0.117198825,8.288268,17.191568,16.89957,1.9094852,-3.6060586,-6.3305197,-9.896332,-16.118933,-18.804928,-18.356117,-18.393488,-9.992931,11.329575,17.941896,11.02932,13.722099,15.990666,10.883308,1.4376054,0.267927,2.0693874,0.0,0.0,0.0,0.0,0.0,0.0,0.0,0.0,0.0,0.0,0.0,0.0,0.0,0.0,0.0,0.0,0.0,0.0,7.6583548,4.70218,6.7537117,-3.9495184,-10.3845825,-16.61036,-21.585842,-23.513388,0.7229076,0.4614612,-6.3802624,-10.492189,-10.375866,3.90742,18.418917,10.424337,0.3315366,1.3194368,-7.0933695,-33.617306,-39.59111,-39.924927,-41.59639,-46.39083,-40.170746,-5.037427,-30.230856,-27.520555,-26.807484,-8.941605,15.996132,24.456566,31.952534,35.316433,34.49916,-2.4159346,-20.31592,-25.51921,-28.014904,-35.94399,-32.925507,-15.762171,-2.5515747,5.7833147,3.0942035,-6.7353373,-12.419395,-14.414629,20.30803,30.696379,18.430866,7.7701964,2.4361632,0.9164486,13.953293,7.309652,15.30345,13.696924,3.838182,-9.319126,-15.503889,-26.49975,-35.4176,-40.639984,-39.76392,-33.473534,-24.652214,-14.938721,-9.821128,2.3141074,2.365001,2.563585,6.2615747,6.2944255,-4.8976,1.9751217,-6.191063,4.397021,6.6264896,6.9926434,8.269338,5.2693853,2.121848,-3.2782216,-11.458512,-19.489933,-16.042833,5.6808805,16.847656,14.177292,3.7388742,1.8943512,2.1928616,-1.8507946,-4.56676,-5.525032,27.904053,56.596725,38.96649,26.948698,3.2482033,-26.19659,-20.349752,-13.934014,-12.237485,-22.028645,-23.470814,-29.800716,-39.67888,-47.134438,-46.878998,-14.5675125,-20.657078,-23.27959,-26.20705,-29.937435,-26.204346,-15.470345,-15.740759,-36.708805,-25.601498,-16.034157,-13.910892,-16.356823,-12.263964,-5.6432095,-16.2753,-12.754501,-17.052887,-18.305704,-13.928265,-9.3468,-19.690369,-16.584211,-5.7344856,-16.526426,-9.060727,-14.731362,-5.1190743,-8.575085,-14.090578,-15.478218,-16.218925,5.1170473,12.175379,16.227627,21.440083,25.314758,30.548447,15.370842,9.116276,0.8858705,-6.4707346,-15.479282,-18.890614,-25.177034,-19.490152,-17.394146,-18.644695,-5.220215,0.8807407,3.0687056,10.64015,12.556263,15.530183,20.98003,13.069348,-1.9100585,-0.5043394,-0.72339106,13.119822,18.723019,16.599976,16.571484,3.5561075,-2.5173929,-2.0539982,-7.8354106,-17.66214,-24.491161,-30.046402,-9.491963,-3.8823333,4.883572,5.385213,7.341653,20.24944,6.250901,-3.5299516,-14.7170315,-17.969954,-10.590708,-4.666145,-2.7804258,-1.2906609,0.8406806,1.0620803,-2.9415417,-6.4628325,-14.611168,-20.919214,-11.698654,-0.54670364,0.0,0.0,0.0,0.0,0.0,0.0,0.0,0.0,0.0,0.0,0.0,0.0
0.0,0.0,0.0,0.0,0.0,0.0,0.0,0.0,0.0,0.0,0.0,0.0,0.0,0.0,0.0,0.0,-0.43504226,-0.5739058,0.0,0.0,0.0,0.0,0.0,0.0,0.0,1.1435165,11.221882,-1.8609385,-17.466084,-17.290148,-13.433779,-14.604083,-15.971502,-19.508717,-18.660069,-14.020462,-15.126354,-20.722443,-14.682752,-5.550212,5.985221,29.53904,34.63143,22.46146,15.956906,14.238062,14.199251,7.833245,3.1750276,0.41300142,-2.795316,-13.276087,-9.145875,-14.201007,-40.363594,-38.66942,-30.524288,-24.167034,-6.354054,-3.2490344,9.952345,13.445429,17.38273,19.534634,11.417467,19.50391,17.21812,10.555906,8.02845,2.524207,-3.1346555,-12.307665,-14.852159,-9.907665,-2.894422,1.1212502,1.0103136,1.5346122,1.3581221,1.8623598,1.454745,1.1170198,0.8995837,0.7647589,0.6842365,0.5588513,0.43061215,0.25545812,0.23240204,0.16496696,0.0,0.0,0.0,0.0,-8.5538025,-22.327545,12.3767605,23.394543,23.1983,22.79097,15.541151,-0.5973991,-19.04105,-22.90382,-15.866386,-2.9629488,-3.4188442,-3.6848116,-3.3605852,-0.84008175,2.2997346,2.9350948,2.5621066,-14.249092,-17.16581,-21.56929,-26.981216,-23.122849,-14.290257,-3.1612315,7.7283335,-0.6315174,-15.677515,-10.955481,-9.974196,-7.972883,-1.2519668,4.8846865,4.2122564,-3.9984744,-33.95124,-41.097313,-38.452446,-34.672066,-31.508003,-26.662605,-12.973322,-8.137717,-10.363274,-15.607014,-22.15439,-24.88638,-13.056728,-12.470455,-7.319411,-6.3056073,-8.275463,-8.204145,-7.1721163,-22.919144,-25.921204,-35.25878,-37.34862,-20.852055,-8.849785,-5.7076473,-12.032668,-14.647878,-16.829674,-10.087925,-3.4643455,1.839114,7.1806326,8.674742,-1.2085392,-10.028854,-5.8391147,-3.0985222,-8.197225,-10.786907,2.5397134,18.743816,17.283415,7.1401834,-4.9104295,-13.574507,-23.992043,-36.30375,-34.25318,-26.974304,-16.487656,13.199373,14.237664,14.466469,14.569545,15.000614,13.220608,9.38634,5.403459,0.7185494,6.787836,15.949747,12.172266,2.4224105,-2.8559918,-11.718298,-2.4864566,0.0,0.0,0.0,0.0,0.0,0.0,0.0,0.0,0.0,-1.0523053,-0.47714022,-0.17308733,0.0,0.0,0.0,0.0,0.0,0.0,0.0,2.3214283,-12.183896,-26.449451,-25.76052,-21.04122,-21.162586,-12.453575,0.69901997,8.790043,9.998334,1.8095951,-3.7118614,-7.621291,-13.616575,-15.993297,-13.069992,8.222854,-5.4376383,-6.0351076,-0.91419417,5.334706,10.736175,13.546177,10.671764,1.7181764,3.5755146,5.614979,-4.5480843,-13.397279,-16.190773,-14.66392,-25.386024,-22.768854,-22.37413,-20.197664,-9.168264,-14.143726,-18.94,-16.42691,-0.4240945,4.110859,-6.9159737,-19.933407,-17.443108,-16.22656,-17.924809,-24.196236,-23.718376,-22.509165,-12.03039,-1.8032175,5.0107117,3.0173025,1.9793352,1.7094923,-2.721802,-8.534737,-4.038679,10.596956,13.356179,6.328513,-6.910226,-13.715986,-17.258043,-16.535217,-14.656888,-14.301102,-15.648545,-3.7812533,-3.8080149,-11.241934,-16.277,-21.271416,-20.656319,-14.4895935,-7.916567,-0.9975168,0.43063805,2.2050705,0.0,0.0,0.0,0.0,0.0,0.0,0.0,0.0,0.0,0.0,0.6436365,0.63432074,0.04915882,0.0,7.8531194,10.06148,14.305061,18.977015,15.826621,8.925355,10.509962,6.9607706,5.158127,2.6155853,1.8777645,2.1704879,0.25708807,5.306806,5.442874,5.3048425,1.0550787,1.8000665,-0.9877188,-4.2599516,-0.58079535,4.9749775,-0.8151855,-18.240269,1.936825,9.954777,4.3602924,-6.0443597,-11.585157,-17.888111,-18.911827,0.21350384,19.487228,27.564173,29.478554,27.59977,22.834904,16.068153,-0.33592916,2.8698995,1.5470188,-14.330564,-32.401466,-17.646692,-10.902353,-4.8620048,0.9402157,-3.7429986,-0.28103894,0.08423239,3.5817976,-1.0683345,-2.8521335,-5.9083424,1.340458,10.884653,12.405167,10.049744,6.007807,-9.169173,-11.823324,-1.6671813,9.504987,-11.056683,-14.077259,-8.6199045,-0.09859586,4.358104,2.3419478,4.1324215,6.455512,10.009857,12.610336,-10.210766,-20.749226,-20.200233,-22.657677,-18.866455,-9.906965,-2.2495604,-0.6925565,0.0,0.0,2.0016582,17.881516,14.311197,8.578018,3.6107638,0.87099266,-2.5388598,5.2269516,22.995949,14.8372135,5.408495,6.700696,10.403434,3.3732395,2.7269623,5.4320087,8.542465,23.354015,24.111506,14.050435,8.592827,1.7767503,-12.154051,-9.2169285,-3.8196056,-0.53957486,2.9018931,7.1176233,6.256414,1.4102237,-3.6266599,-5.4145446,-3.4187381,2.3963661,-2.335116,8.197359,10.9242525,8.904181,5.6620083,2.436728,2.281951,-4.018882,-6.3982906,-2.2288485,2.1892672,7.692456,16.679224,15.227676,14.921879,11.576454,-1.3342679,2.576046,-1.8223526,7.0875325,10.049738,7.310748,4.5395617,16.05281,16.922062,11.810604,6.4660435,0.3005101,-9.539108,11.423309,9.79667,9.09971,11.900439,12.278761,23.52502,30.861206,32.244175,34.57841,39.411163,17.863235,19.825909,19.729609,12.213032,3.750071,0.0,0.0,0.0,0.0,0.0,0.0,0.0,0.0,0.0,0.0,-1.1278082,-9.176395,-11.81922,-9.928524,-7.834286,-5.3227496,-4.243418,-1.8461668,-0.9006198,2.7607508,3.5038133,4.5324907,4.0373926,0.0,-13.898575,-9.780344,0.1069572,1.8546524,2.8058813,6.688199,9.257927,4.531548,-10.699144,-16.022617,-13.473819,-10.613532,-21.659107,-16.165245,-9.230299,-7.0885267,-1.5930172,0.6972369,-3.1637425,-2.1730325,-3.427691,5.2949667,-5.4619765,-14.478525,-14.238277,-27.555496,-39.698105,-37.074787,-38.552643,-40.598087,-5.366131,-9.07691,-13.44225,-18.436676,-22.149029,-21.843449,-15.118441,-2.1899238,21.56799,20.95558,11.811481,14.573378,18.828201,17.581799,4.928645,-11.658443,-18.325151,-19.69012,-16.294033,-9.131453,-6.104694,-4.3085775,4.6210513,11.966472,8.488513,-21.314627,-13.37005,-10.855286,-7.06091,-10.724184,-33.10647,-23.259445,-18.674303,-13.373198,-0.5236619,10.316418,12.332447,10.570742,8.7572,2.6089725,-1.8947747,-1.1901356,-1.5727257,0.5751466,1.6934325,4.7399416,2.517198,2.8844712,2.095503,0.11015868,-4.353698,-5.9309826,-3.2996902,-0.1446588,-1.7860303,-2.6238718,10.201128,4.9755964,4.6177244,-10.154951,-23.944073,-21.14192,-10.354687,1.8703188,12.750875,18.832092,15.908421,4.429568,-4.479374,-5.6750593,-0.4135636,5.9057407,5.359364,-7.886833,-14.237587,0.8348006,12.408008,13.07292,4.55208,1.5255182,4.43921,3.087226,-2.4678144,-18.03587,-11.241941,-1.1494384,-0.20181358,0.9300854,2.1319852,2.684361,4.889347,3.7871099,5.6006002,5.0074816,-12.369347,-10.299537,-9.1893835,-7.9633026,-6.708948,-3.5808172,-3.6509922,-0.35719505,-4.934398,-5.9140124,-14.522654,-20.60696,-21.42183,-28.380646,-25.459923,-14.485341,-2.7647686,0.86480606,0.0,0.0,0.0,0.0,0.0,0.0,0.0,0.0,0.0,0.0,0.0,0.0,0.0,0.0,0.0,0.0,0.0,0.0,1.2576658,7.1991425,1.0057861,-11.547414,-20.526157,-22.790092,-15.045376,-3.5382266,8.260158,7.457942,6.9760695,7.4334598,4.4081697,-5.722938,-1.1967412,-7.1017523,-13.066877,-11.517151,-8.301802,-5.0404563,-6.292446,-3.850675,-3.618994,-4.460449,-9.036776,-22.675804,-14.557514,-16.081501,-16.01016,-21.55468,-15.730851,0.60037935,9.767422,8.874594,6.7339053,-9.222799,-12.682945,-10.980132,-5.279294,-3.8087115,-8.341759,-6.7038193,-8.469297,1.9654971,10.373603,13.160542,16.53798,15.891899,6.9300056,7.79755,-6.268281,-10.329786,-1.3897357,11.780403,18.347477,7.055497,0.9232558,-3.9948769,-4.76759,-8.267675,-5.5658226,-4.62671,-1.1593978,0.996578,-1.3389482,-5.591073,-10.423639,-6.0843763,-21.643215,-19.619122,-10.441849,-8.122753,-12.654251,-20.145264,-5.6564064,2.0014243,12.790428,24.293156,33.13765,36.13133,28.800882,23.901363,18.003792,10.121984,1.1741259,-2.5126204,-9.489492,2.4760227,-8.277543,-13.619004,-26.59203,-31.26614,-22.506577,-17.387417,-17.40496,-11.264864,3.2840943,26.115421,21.718994,17.0571,11.615395,4.257807,10.833416,15.308808,15.996778,8.532965,-4.6294622,-4.975176,3.1919115,2.5333128,-9.634371,5.5573206,-3.9250443,0.9397788,5.604125,2.2406688,-0.8493612,-3.5611167,3.481613,16.757168,8.606031,0.2731906,0.12910652,-0.2626149,11.039299,17.066525,8.398915,-4.636726,-1.0139191,4.1188135,10.243275,19.903233,11.268326,-3.5561023,-4.659906,-3.8438334,22.056831,17.767252,15.259851,-0.21256405,-7.7065144,-8.894127,-4.5243044,-21.009556,-27.859882,-19.69382,-16.222189,-12.832629,-12.12356,-2.2851813,2.8023405,9.089019,10.956365,14.863647,10.0703,5.1287208,1.1355264,-1.7575603,3.624454,-1.6526568,19.52051,18.50243,8.135419,1.7760367,4.151482,13.5089655,5.257093,-2.2989354,-5.066272,-4.104665,-3.4889684,-7.2141647,-14.203288,-18.129066,-26.896923,-18.408844,-10.277611,3.8771768,3.8069968,1.4375021,0.1560058,-9.877945,-19.029486,-17.198376,-15.123771,-7.170801,-14.400865,-8.940622,-7.4197555,-8.083907,-3.7850065,0.58618546,-0.87938863,-7.8956566,-14.004673,-18.271675,-19.033611,-15.6696,-3.817696,1.9313359,6.231386,3.508811,-0.47777912,0.0,0.0,0.0,0.0,0.0,0.0,0.0,0.0,0.0,0.0,0.0,0.0
0.0,0.0,0.0,0.0,0.0,0.0,0.0,0.0,0.0,0.0,0.0,0.0,0.0,0.0,0.0,0.0,0.4383008,0.57820386,0.0,0.0,0.0,0.0,0.0,0.0,0.0,0.8021389,-1.8942611,-2.1582282,-7.879574,-12.517105,-6.545822,0.6689445,1.7633938,-0.59648514,-1.1811638,-5.488352,-3.6726022,9.789078,21.127563,22.339193,15.6658,0.14613533,-4.850295,-4.759834,-11.491401,-12.685322,-10.445609,-14.76291,-17.351723,-19.936584,-18.130991,3.5458236,18.557255,13.821459,-4.6368847,-1.1107699,3.0362582,2.7569127,5.2526755,2.7059517,-6.070413,-5.9916644,-8.479254,-9.371445,-0.7557255,-8.012241,-11.046228,-1.3632454,2.9718437,-4.2662506,-17.69463,-26.371395,-20.434868,-13.763721,-15.48838,-6.240739,0.050952617,1.5319399,1.3554397,1.8471804,1.448506,1.114188,0.8980167,0.76342666,0.6830436,0.5578778,0.42986298,0.25501263,0.23199674,0.16467911,0.0,0.0,0.0,0.0,-5.292595,-17.864038,-27.644594,-26.62112,-23.579424,-20.995964,-15.6967745,-0.014456034,6.2686653,14.367767,16.869736,20.38623,6.632501,0.90523785,-3.0176294,-2.6826482,-6.4345403,-14.647639,-18.249447,-9.364551,-8.111229,-7.3212094,-10.612591,-8.467075,-2.4470947,-4.262869,-3.6695375,5.3966064,2.5823584,-2.9012883,1.7486794,-0.07822752,0.8455834,-0.2437997,-0.37563002,-4.8046207,2.68045,-0.57449895,0.34570977,3.6054318,2.493066,-2.9484296,4.7236757,11.7306795,14.138569,9.624969,6.788002,9.783081,6.480814,1.8628451,1.4213274,3.3304772,3.7423902,2.7289338,0.030480146,8.40206,13.706747,4.723427,-0.41325635,-9.667784,-18.615416,-22.789268,-7.88631,-2.9190483,-0.48608178,3.0512397,0.06817868,-0.32901937,-1.6741805,-9.1039295,-11.616726,-7.9552994,-1.3880492,-0.8716832,4.9610276,7.286484,9.309055,7.3961477,8.33627,-3.6254878,-11.068721,-5.423504,7.1052895,8.887453,14.997845,20.283077,11.173645,-12.080459,-4.775385,0.34233046,2.3283377,-0.81234074,-3.2337255,-7.388628,-5.080225,-4.11263,-0.9971483,1.5087556,3.255527,8.284254,10.953355,-4.296109,-3.0037022,0.0,0.0,0.0,0.0,0.0,0.0,0.0,0.0,0.0,0.37796032,0.2053763,0.14768521,0.0,0.0,0.0,0.0,0.0,0.0,0.0,-9.769695,10.095906,26.952368,32.32433,16.608107,-3.4989796,-9.051898,-15.592424,-19.256615,-13.780624,6.6023674,16.300423,23.86055,34.410885,36.685013,24.946106,3.6836452,11.810972,11.395363,7.7072697,5.599717,5.5449376,2.8775322,7.2124033,12.131857,7.5057116,7.419644,11.163545,1.2664028,-6.3526497,-6.1747637,11.055447,13.502043,9.164121,8.706502,8.9452095,9.379514,5.373513,-0.5159122,-10.130669,-13.831634,-12.050734,9.088241,18.30587,21.534794,17.595867,7.3185043,5.6255484,-12.366164,-5.4069843,-6.725976,-6.966786,-6.972644,-5.6467786,-1.8051212,-4.6885157,-4.796609,0.27101445,-7.5248775,-9.228846,-15.724162,-26.089699,-16.419477,-12.9595995,-8.3549595,-2.065929,5.227628,4.2510176,-4.2733774,-9.828222,-0.3825449,9.561842,11.576942,13.033783,18.193157,12.486493,5.6084223,1.7225108,-1.6742866,0.0,0.0,0.0,0.0,0.0,0.0,0.0,0.0,0.0,0.0,0.6425153,0.6332157,0.049073182,0.0,3.4198213,3.0730567,2.6130097,2.831709,6.3228297,4.76118,5.8252487,-2.0740988,-12.425617,-15.880479,-8.356168,-4.5880346,1.5565271,5.5298786,7.043214,10.869606,15.881152,15.477141,10.568758,0.92185843,-5.889544,-13.742432,-10.90564,-14.598173,1.7866173,28.510956,30.510517,22.45963,13.575296,3.2916605,17.409565,13.530977,6.5875072,4.0796013,-5.4189606,-8.740332,-8.692155,-3.9479313,-5.713068,9.552144,20.447361,14.884325,1.0953615,-10.609692,-18.707684,-18.086754,-10.246561,-2.9092326,-0.15317273,-6.859916,2.9966953,6.3663588,5.3828497,1.4829495,-3.3090162,5.7533965,13.918783,10.082504,9.786373,-5.6767845,-4.3455124,12.43248,25.589314,3.6157582,-2.0672421,-3.413538,-0.40545756,2.0620978,-0.48028314,0.297292,1.7814583,-3.9466999,-7.6499,8.186241,16.76318,28.589031,31.159191,28.296745,18.124619,8.13504,1.3117774,0.0,0.0,-3.4792833,-10.321839,-9.513214,-3.6471536,9.084917,14.820234,5.030369,2.6828513,6.591918,11.103455,1.827517,3.4013398,8.516176,3.9168048,-0.39005303,-5.4123588,-2.136708,18.612692,10.130629,-4.0019054,-11.756646,-6.241676,7.700039,21.255741,33.30989,37.30269,32.557335,28.593002,9.729877,3.3324876,5.5141926,4.460066,1.6276393,-2.109684,-0.8176492,4.61055,9.886953,-0.4063426,-8.441035,-16.978628,-19.640905,-15.762663,-10.552208,-12.666849,-13.781498,-11.506054,-4.9993362,-9.996014,-13.884296,-11.662585,1.3803704,23.791029,21.664703,17.956415,12.12208,3.4906206,1.3254287,-5.051389,-12.394909,-10.791068,-6.4289317,-2.5654685,-6.375593,6.480342,12.456798,19.78643,21.01765,16.711157,16.66265,12.109264,9.732102,8.843376,18.530313,10.944553,14.702855,16.947353,12.820636,3.5158842,0.0,0.0,0.0,0.0,0.0,0.0,0.0,0.0,0.0,0.0,1.1221398,14.093191,18.19748,18.557533,15.379305,14.258989,12.102961,5.4876213,1.6881025,-20.706234,-27.178106,-24.813051,-6.7150145,0.0,-10.188511,1.2936524,8.711933,8.432424,4.9624004,3.206697,2.515714,0.74011385,-8.90495,3.2874212,8.165683,13.486526,4.7822895,1.5833395,5.241114,9.559407,5.7958803,5.729554,-0.8237114,-0.6758747,-6.2546053,-11.127665,-14.42808,-0.5143367,22.964382,22.83744,19.214043,16.777224,4.7375154,0.98393327,16.560234,20.15702,13.707918,6.8369026,5.080529,6.0127287,13.254515,12.285861,11.625019,9.867378,5.851167,3.0516453,-7.081678,-13.741987,-0.99624395,11.691808,21.635735,26.48693,26.374283,16.10766,27.182495,24.827839,13.4746685,-3.976538,-12.28516,10.593312,33.62095,39.76958,39.954315,29.482243,-10.721172,-4.166477,10.090871,17.811134,14.91099,9.066398,-0.084026575,-12.693605,-23.739143,-23.588749,-21.156956,-6.2157025,15.047821,6.5082817,-15.137229,-10.421996,-9.4752655,-12.0326805,-10.696657,-2.005526,-7.091536,-10.067678,-1.4385961,1.8894432,-2.656351,-3.3127823,2.8670144,0.9542455,3.2225523,-5.60658,5.1372232,9.638354,8.376053,-0.77863693,-4.05608,1.6838933,3.2875872,-4.562202,-7.090866,-0.46918696,11.255909,15.569528,18.03553,14.031565,14.842143,17.162014,13.8917675,11.019623,12.667847,19.84505,33.63385,38.120846,32.856495,11.683099,4.809305,-6.572447,-5.7601795,-6.620598,-6.0662785,-4.361353,1.9520414,29.561611,34.275402,35.32872,22.681759,8.41413,9.224459,14.500246,13.2759285,12.770428,5.3383045,4.3483324,-6.5405173,-7.8591266,0.003756106,10.211825,9.963406,6.2698746,4.286509,1.8816644,-2.8497615,-3.504713,0.0,0.0,0.0,0.0,0.0,0.0,0.0,0.0,0.0,0.0,0.0,0.0,0.0,0.0,0.0,0.0,0.0,0.0,-8.193197,-0.43982995,12.895189,8.784422,3.5037591,-13.417412,-21.33568,-18.320807,-3.6840703,-0.13584161,-1.4602853,-5.7435627,-3.5212808,6.6485076,17.088947,30.052277,24.447348,15.811686,7.619521,1.5988393,2.032284,0.800841,-3.9669662,-7.492429,-8.566908,-11.7692375,9.6452875,1.1467326,-6.7139797,-6.346115,0.57966137,24.914555,34.13427,32.952957,33.17884,18.141857,-0.05287361,-12.613475,-15.079216,-2.4635053,2.207408,-11.715202,0.58123386,2.3201904,5.599757,6.424225,5.6138163,4.5496783,15.084478,33.44791,30.967026,26.875591,12.860128,12.429569,14.7167635,27.59695,24.00101,13.681314,4.4439354,-0.77368057,-9.382618,-15.104226,-12.238866,-11.368931,-10.777429,-5.371807,-0.36664954,-0.44019598,6.13953,5.316563,3.6341608,-6.624425,-17.363552,-25.724422,-8.721047,0.39036134,23.494019,19.350883,9.521136,-2.0992362,-18.16069,-19.899933,-13.756303,-11.17171,-10.690975,-6.0332017,-2.00943,3.0238407,17.376892,24.158485,18.586834,17.75496,15.631554,10.264078,7.960806,3.863421,-18.697882,-20.531004,-12.31567,-9.674017,-5.848585,1.6802609,9.73055,5.7854424,3.1210485,3.8148704,-3.7136817,-1.1558186,4.797081,7.0181684,1.5934885,-14.059177,-8.256563,0.043463826,2.8770711,2.2773163,-4.6495714,-11.465576,-14.501985,-4.12588,-18.560432,-20.875546,-19.530874,-18.743017,-14.426569,-12.169527,-4.4781194,-10.616546,-8.388779,-10.8352165,-8.794582,1.2291121,-1.2132896,-9.272122,-5.8919473,-2.7301238,-9.350165,-1.5808802,-7.1769304,-12.425627,-11.72025,-14.275194,-22.93882,-12.931934,15.729567,35.011314,39.80095,37.480194,12.221901,1.4622378,1.4203678,0.67911863,-0.55260575,-0.7729572,-4.8781085,-7.705139,-7.2568493,-2.2997515,8.065973,-1.7782521,-16.278152,-18.737797,-19.182259,-16.979773,-13.232008,-9.512003,-6.6586094,-24.96481,-29.134327,-24.277023,-2.351037,12.011656,11.751318,4.263463,-7.6911526,-15.122011,-18.030466,-12.704325,-11.9714155,-12.852518,-10.052133,-15.659691,-0.03383279,18.93375,34.18273,39.059544,11.9949665,7.27467,10.0508795,7.078458,0.5942293,-4.8341026,-0.03802061,15.554581,23.046516,21.990696,24.961998,25.328228,34.44409,31.386114,27.663723,16.206017,1.9056958,0.0,0.0,0.0,0.0,0.0,0.0,0.0,0.0,0.0,0.0,0.0,0.0
0.0,0.0,0.0,0.0,0.0,0.0,0.0,0.0,0.0,0.0,0.0,0.0,0.0,0.0,0.0,0.0,0.031334758,0.041336864,0.0,0.0,0.0,0.0,0.0,0.0,0.0,0.91706496,5.812744,4.8608465,1.4153327,-3.2829494,-9.39237,-12.581066,-17.246996,-23.2914,-23.009762,-14.0299015,-14.2188225,-12.667414,10.124966,20.530571,15.62781,5.397176,3.2332873,-0.6557474,1.4461277,2.7336307,5.1668124,4.5319233,3.539728,-2.4237971,0.28109264,2.413745,-9.206863,-13.40745,-20.675201,-15.528522,-6.7613745,3.286043,7.9773264,2.5144687,9.514624,8.712061,2.9081225,2.4716449,0.96610206,-9.202154,-6.8387017,-8.335407,-9.52014,-7.9931383,-6.277453,-5.9933767,-3.2999818,1.4090103,-3.3968763,-2.507399,1.5256444,1.529035,1.3525298,1.8308182,1.4417534,1.1111195,0.8963144,0.7619795,0.68174976,0.5568202,0.42904717,0.2545297,0.2315574,0.16436741,0.0,0.0,0.0,0.0,1.4840884,-3.2698228,-31.802547,-30.818876,-23.907158,-14.698734,-8.41867,-11.480682,1.7195069,4.860282,8.33411,17.408447,9.863315,1.9343574,-1.116231,2.6143684,4.823929,6.160798,9.99124,8.001759,-11.361793,-14.711848,-8.570647,-0.17477483,-0.66416764,-4.348659,-10.772638,1.3247044,9.039545,5.0071034,0.19484136,-5.2643423,-11.847804,-22.411068,-30.790146,-34.557922,-22.635653,-19.207043,-25.174046,-27.600754,-22.094196,-11.726625,-17.561,-23.50207,-24.721737,-24.96583,-14.695669,5.981991,-12.202323,-20.00752,-21.487925,-15.219349,-14.799756,-18.326633,-9.290192,0.8736977,-4.2310286,-8.343827,4.965353,-1.067919,-1.2481664,-0.08848223,15.037176,12.850973,8.340368,6.0695934,4.05168,5.008416,2.633526,2.7551134,7.092326,4.914405,-2.0915854,-14.516457,-1.4097643,3.3976378,1.4952166,-4.263184,-8.615498,0.6715219,4.230649,-3.7804756,-1.9345949,5.675153,14.3643875,19.744587,4.693229,-8.593289,-12.122103,-10.833374,-2.1262863,2.1670113,4.401571,8.61501,9.8408,9.607908,4.6585937,3.3379552,11.470456,18.953327,18.841469,6.3796124,-1.5229058,0.0,0.0,0.0,0.0,0.0,0.0,0.0,0.0,0.0,1.1269361,0.515666,0.19444098,0.0,0.0,0.0,0.0,0.0,0.0,0.0,9.423796,6.9582767,10.76498,6.3856783,-5.2722616,-11.901775,-15.877717,-19.843422,-22.828451,-12.561708,0.4535619,-3.159049,-4.686109,-0.41398638,1.7965317,8.242296,-0.515157,-1.5839045,-5.6608553,-10.432858,-14.335336,-17.978813,-22.200903,-21.734087,-18.223927,-14.845713,-7.4733334,-3.20968,-1.0453635,1.2428062,5.6951647,14.510121,19.468672,17.137152,13.717646,-3.7566023,-10.426335,-5.549862,5.342828,10.397825,11.873844,8.487284,0.5756757,-4.7638617,-7.9731946,-11.278477,-15.637133,-12.94544,-17.93449,-24.119038,-12.830542,-4.3541446,-0.33957946,0.6201091,2.0560627,-0.25565284,-5.010748,0.54993796,-15.563197,-16.60394,-14.582228,-7.86629,0.24954882,-4.6430426,-12.667028,-18.40543,-19.993206,-16.083246,-23.076904,-15.732194,-4.3933153,-0.2828344,1.0988796,4.3547816,9.717425,10.792149,12.859114,9.803329,1.6067866,0.0,0.0,0.0,0.0,0.0,0.0,0.0,0.0,0.0,0.0,0.64129734,0.6320154,0.048980158,0.0,6.7690115,-9.552028,-3.6236784,0.90127593,2.9553537,1.2978277,-3.2245426,-7.4434295,-7.285979,-0.49478406,5.469081,15.535715,21.459763,14.670664,7.3165555,11.448317,-15.234205,-20.073917,-22.22673,-26.494366,-21.405323,-22.72752,-16.565376,0.26536548,18.392233,19.386646,9.63961,-3.6752949,-10.413622,-13.704845,7.602787,-4.4147663,-14.450386,-10.057421,-10.083477,-7.2043943,-2.9333024,-1.079349,1.5698663,8.7112465,11.084141,14.576496,13.530561,2.55568,-4.0652246,-2.6966033,-1.6590497,0.16417968,0.04027088,-21.26104,-39.65119,-34.590904,-26.294724,-19.01815,-20.21365,-28.328678,-34.486,-37.290524,-33.609417,-2.2560952,-14.845392,-20.317993,-19.113602,-31.301855,-27.698545,-23.134556,-25.205288,-33.380947,-35.510746,-30.896511,-31.340202,-28.485981,-27.597576,-25.688414,-18.284237,-10.596977,-6.9792004,-1.3388104,1.9937251,5.612917,5.15462,0.0,0.0,-3.6413832,-10.7452,-8.967736,-1.0900947,3.9483519,2.0878906,-1.8308458,-4.1280465,-11.049192,-25.971485,-15.773219,-10.584492,-10.051031,-14.458706,-19.193207,-23.426952,-24.357292,-33.202377,-25.537212,-13.194795,-5.118581,-1.05347,-0.7606838,-6.7949033,-0.49020934,7.569886,10.4667225,11.421967,1.786001,-16.444975,-25.454414,-23.904108,-23.839561,-18.519932,-17.063982,-14.377457,-1.9026126,-1.720355,-6.0012617,-1.534548,2.0949564,7.2327127,11.149185,10.495724,5.727442,-1.5617449,-9.6632805,-18.153463,-20.126911,-18.919247,-0.31457627,21.189861,15.0342455,0.48897612,-10.231838,-16.661917,-17.623228,-19.096964,-20.195915,-15.942648,-12.75721,-5.999899,-5.817564,4.791703,7.8946247,2.1361914,-2.4881492,-11.281679,-25.929888,-27.673836,-25.475266,-27.217133,-16.002571,2.9577093,10.503109,12.954159,11.832396,3.1348357,0.0,0.0,0.0,0.0,0.0,0.0,0.0,0.0,0.0,0.0,1.0750014,9.826389,11.88672,12.240474,12.118025,8.568775,4.8471165,2.1349657,1.03946,-13.5548935,-17.236712,-16.978107,-7.510721,0.0,0.9801922,-9.789531,-20.17399,-25.442173,-28.195683,-24.237583,-16.892298,-11.905641,-8.301643,-17.027145,-14.718458,-9.182226,-8.739749,-7.253145,-8.475885,-5.460027,-7.3157444,-15.5692,-14.666951,-10.326496,-5.628251,-1.4239779,8.555532,6.4198246,6.4711637,3.400371,10.303698,16.316965,25.075962,6.3740196,-12.220496,-8.741888,-2.8689132,-1.4911679,-0.13811706,-3.4750195,-1.0989249,0.2463674,3.8834639,4.69754,4.4329815,-1.8297441,-8.334269,-8.870308,-11.064835,-4.153331,3.681538,10.176431,17.939808,13.296724,-1.6479824,-6.604458,-8.118017,-13.459414,-22.275438,-2.3757777,12.19816,9.114288,4.770916,3.3845959,-11.499079,-9.1166725,-6.2751584,-9.230289,-8.6700325,-9.26244,-5.544879,-1.4560547,-3.4906533,-0.46524695,9.694525,10.080872,24.16282,13.416044,-1.1675084,1.3632004,0.39510894,-4.838554,-6.62564,-4.0791764,-1.5177209,11.500839,4.1709347,0.39081097,-3.5417666,-7.5264587,-6.9617567,-9.367964,0.5596864,24.837147,20.669397,14.934802,2.0829263,3.7402458,-1.8674896,-7.6022863,-9.535995,-9.899466,1.933429,7.6788316,6.966646,-2.6893377,-1.7346425,6.2128143,15.031117,12.310444,3.9607596,0.64176154,-1.4393814,9.59249,30.16043,26.152464,25.25191,11.22471,8.802174,3.3389902,-7.8740644,4.74334,10.324893,10.400847,12.909924,6.7444787,-4.4004574,-1.8678408,6.2297273,6.4636245,7.9659085,8.647106,7.721943,5.948258,-1.2040894,-7.276148,-14.821781,11.645358,26.28371,16.625948,12.854687,16.640633,16.373043,11.083706,8.221096,3.967482,0.0,0.0,0.0,0.0,0.0,0.0,0.0,0.0,0.0,0.0,0.0,0.0,0.0,0.0,0.0,0.0,0.0,0.0,3.416829,-6.1632037,-9.791967,-18.949833,-15.859434,-17.158337,-15.072791,-11.080777,-1.9178245,-0.6432607,-2.817765,-0.21638143,-0.9034388,-9.933156,-19.780964,-8.710146,-13.9603195,-15.79337,-11.6891575,-16.639091,-19.033716,-20.319569,-23.723885,-19.553677,-14.009888,-14.922825,-24.406763,-20.222448,-12.455297,-10.155937,-12.494276,-4.9072323,-0.955446,-3.4535365,-4.201482,-11.033545,-9.02706,-7.118386,-7.011651,-10.174629,-10.164942,-1.3163269,-11.895222,-20.90233,-19.901234,-13.120403,-7.861577,-2.3297427,-14.389265,-15.554217,-16.455173,-2.2574968,4.0348387,0.32672083,8.303326,20.211212,17.406853,9.730345,3.7823882,3.7716951,5.830221,1.7670335,-3.6326213,-9.214238,-10.743753,-7.6199656,-4.516858,-4.675643,8.173928,16.294415,16.97015,14.752468,13.166255,1.1223621,-3.8927212,-1.0408721,4.0962687,4.7693777,-0.42979497,-1.9963892,-4.5652103,-6.512207,-5.4023924,0.61119616,0.37444746,-8.281703,0.74953437,29.76427,26.696947,21.102068,10.485036,3.0128906,2.002471,7.627262,12.0088625,10.342775,2.7156823,-11.691589,-14.931238,-16.53511,-18.902557,-16.647152,-22.306778,-25.211739,-28.016914,-22.97129,-12.351615,-10.947399,-15.602604,-13.989634,1.646494,4.53693,6.8301787,3.970807,1.4433389,2.127211,-0.95200324,-3.940775,-13.076685,-27.862734,-19.669785,-6.7319384,-4.2744465,-4.4534526,-5.1043196,-5.8523064,0.9187392,-0.4951956,2.422973,1.9569774,-0.7060357,-3.3940208,-8.361547,-10.273195,-9.125595,-2.7231166,-17.024754,-18.089937,-8.888287,2.0607488,6.751019,1.1414516,-6.1463904,0.29040444,4.676477,10.184582,9.338243,8.047819,10.710667,7.627161,4.6706805,1.8542912,4.009218,4.291766,7.1375785,2.9056642,1.9990766,1.2620747,-10.498074,-4.6083803,-10.208891,-11.313752,-8.165487,-4.9015875,-3.8743713,-8.523256,4.542202,20.747368,24.681732,25.065962,14.098892,8.07648,1.159894,-8.912038,-0.9475187,13.349386,14.834884,7.1760244,-2.073998,-10.908643,-14.072021,-7.8705997,-18.446611,-17.038713,-9.347858,-2.799725,6.9136515,17.300182,16.197502,14.967424,10.168087,2.133621,-2.1578457,-5.608202,-3.0528226,-3.6571784,0.5316017,4.4812064,24.803581,31.484917,28.224478,15.625473,3.383745,0.0,0.0,0.0,0.0,0.0,0.0,0.0,0.0,0.0,0.0,0.0,0.0
0.0,0.0,0.0,0.0,0.0,0.0,0.0,0.0,0.0,0.0,0.0,0.0,0.0,0.0,0.0,0.0,-0.46716082,-0.6162765,0.0,0.0,0.0,0.0,0.0,0.0,0.0,0.290523,6.9658165,9.514797,7.0778217,6.239546,4.1205254,2.7470078,0.27681768,-1.1419622,-1.8943707,-6.5473137,-5.318182,-3.9355364,22.500317,29.534138,15.7172165,15.124054,8.432936,-1.127289,9.80831,15.478934,18.39714,18.500683,24.510403,21.998697,22.484783,6.8960805,4.4133444,4.944947,3.4741685,11.906289,18.39813,16.54854,10.437132,12.560169,9.658095,9.387161,7.1549253,5.546732,1.0582111,15.089546,20.145626,14.729578,11.64253,12.477466,16.194277,13.410244,4.8126507,-1.9471543,4.6272807,5.007128,3.1801271,1.5259007,1.3493904,1.8133078,1.4344882,1.1078131,0.89447707,0.7604176,0.68035233,0.55567884,0.4281677,0.2540075,0.23108232,0.16403003,0.0,0.0,0.0,0.0,7.0055633,13.083394,9.06316,6.7466297,-2.9696512,-9.744873,-14.389376,-1.872887,14.499122,16.087357,15.387636,12.565371,2.6621342,2.6015375,1.9935738,4.4263735,3.356909,-2.3440523,-3.5759926,-2.6596417,-0.9246593,0.3119856,-2.1089854,-7.2117424,-7.2595468,-5.23217,11.979851,5.0804462,-1.2240219,-0.03564757,-1.23936,-4.4941473,-3.4041383,3.0857542,10.314768,20.772282,12.739609,11.187958,2.349982,-1.7273539,0.26914382,4.272311,-0.43569058,1.551738,3.5304947,1.9964198,-4.3693666,-7.0464306,2.8478298,4.631101,9.324694,14.606903,16.998005,26.078362,24.716427,8.659133,2.1839542,2.9650571,5.2322063,11.686715,14.918649,14.72436,12.325094,9.558775,6.6299677,5.8991537,12.6009,19.757692,21.409008,17.882742,6.297265,1.3955668,5.6805787,-2.079535,3.6785455,-4.2025995,-6.4097266,1.5057447,0.096434146,3.524515,3.3891163,13.68925,14.335342,22.359413,32.109787,28.992878,11.576288,10.83808,10.700757,13.319111,18.332243,23.624208,27.5704,25.849194,26.640368,26.678986,14.779631,4.6035843,-0.4870686,-5.2046824,-2.1171727,0.6489711,-0.07137904,0.0,0.0,0.0,0.0,0.0,0.0,0.0,0.0,0.0,-0.14472142,-0.10349687,-0.11817377,0.0,0.0,0.0,0.0,0.0,0.0,0.0,-5.5244884,-9.670871,-19.378502,-22.255934,-15.729128,-2.5589724,1.121527,7.7938166,5.2681007,1.7756938,-4.734644,4.8474517,12.948308,7.412381,-4.522348,-8.13545,1.7500017,-6.8258014,-5.6627326,-2.6651967,-1.6393603,-1.6829312,1.5080816,3.4861734,1.8739989,-4.223798,-24.804535,-17.117283,-3.3567848,5.904793,6.891839,3.860005,4.1567106,4.6598406,1.7378021,-4.43351,-5.991181,-4.8455677,-5.2429075,-2.6716638,-4.2094927,-10.473082,-3.0414248,2.6673257,5.0327063,11.503094,12.977643,8.254728,0.18770029,13.748535,18.04733,12.664616,4.43381,1.7245445,0.83772117,-1.4006306,-1.281775,-1.4919435,-2.2434518,-3.9420996,-5.93188,-6.4416623,-13.506849,-13.360535,-14.974838,-10.596703,-7.4313583,-5.7253428,-7.919338,-24.202515,-23.98581,-9.888899,-4.654396,-4.2177973,-4.8791924,-7.298984,-7.5292616,-5.4591002,-0.21279503,0.0,0.0,0.0,0.0,0.0,0.0,0.0,0.0,0.0,0.0,0.6399828,0.6307199,0.04887976,0.0,1.624359,10.555313,6.188985,-0.6042386,-8.251047,-14.32045,-13.077795,-10.731924,-9.964838,-11.7127695,-13.541031,-3.7166219,2.544262,5.675084,7.315465,8.300047,5.3961797,11.929337,14.280506,7.5822196,-0.2445617,-2.3604355,0.920669,5.1031675,-6.6319275,-4.430993,-8.9339695,-7.897931,-7.159123,-0.91966593,6.8662868,4.5625706,9.267958,2.0040135,-4.8280206,-8.151821,-6.0574527,-2.0242262,0.02906385,1.8462044,6.2284603,7.158329,5.764453,2.5556948,4.587461,3.3686972,4.5637994,1.6007364,0.241487,-23.485064,-14.955856,7.6601057,16.461468,17.34318,10.455038,4.1471133,-9.833491,-17.093628,-22.246738,-19.818783,-7.1327076,-1.6191084,-1.629595,-18.265965,-24.336052,-19.552902,-17.865047,-19.778564,-13.657118,-10.460993,-16.363121,-17.706715,-17.553736,-24.118004,-21.620842,-21.227253,-24.389362,-22.303596,-14.721791,-9.1688595,-4.441928,0.0,0.0,1.5506029,17.17443,10.718302,0.51042634,-8.011754,-6.2944746,0.824847,3.915123,8.428921,-2.0305398,12.011707,10.69099,8.000699,2.6490731,1.6949993,0.3612182,-5.818633,-10.553185,-12.758672,-5.214892,0.28733417,2.211187,-5.636764,-12.752842,-9.76329,-0.98087466,0.09006417,-2.954618,-0.20916219,6.6701407,8.598851,4.0812836,2.5854726,7.91362,7.207657,-1.9837592,-3.79942,1.744385,7.1232886,16.235657,21.116966,17.634613,18.028946,20.657963,20.092632,23.828316,29.594948,26.035524,19.831501,7.805144,-10.174475,-1.9117976,-11.322702,-12.188303,-9.3406,-6.049079,-5.2929993,5.0854807,9.61323,5.495698,-0.10030401,-3.209072,-7.902401,8.481069,14.937067,14.508047,11.277018,3.3705087,7.8721733,8.910179,6.4662967,6.445256,4.599785,6.4200096,14.165821,13.855838,9.473328,2.6911104,0.0,0.0,0.0,0.0,0.0,0.0,0.0,0.0,0.0,0.0,-0.59487605,-12.490557,-18.12368,-18.780174,-18.437565,-16.171661,-11.468332,-5.271845,-1.5815003,9.652034,12.130554,10.616545,1.1477008,0.0,15.780461,16.151201,8.089694,10.491385,12.876165,12.2171,15.595901,16.44266,-3.0921693,3.7679937,10.247271,7.4777126,3.6653862,0.27610344,4.3878536,7.9518833,10.634155,6.9239397,0.72151685,-3.8147516,3.2431374,10.748518,-0.23354268,4.7247295,1.8415681,3.7721305,13.644253,11.46648,9.671052,-1.851391,-9.64528,-2.838142,1.7954991,1.0125751,-1.1102533,-8.21145,-14.747266,-10.74141,-21.928284,-17.497427,-5.179722,0.24657094,-1.0852866,-2.4844112,0.67317414,4.859889,6.741317,3.816774,3.186779,-3.407003,-10.312082,-8.016772,-1.3498389,5.7755156,3.0332687,-22.869793,-6.552327,-3.0106897,-0.5908121,5.753377,5.841957,5.01884,5.1075344,3.3510618,3.9260955,5.058623,2.4892066,-0.34712934,-5.714711,-6.235296,-12.512901,-23.636436,-20.669018,-7.070429,13.095778,22.07902,16.225393,17.89679,14.720991,-0.8461897,2.0691736,-7.1097636,-2.6573365,0.11898816,-6.294571,-14.811662,-4.836362,-2.7281291,-0.3678182,11.221019,17.973003,16.577408,0.11385465,3.6315374,13.0211735,13.900399,15.217882,13.316868,3.5188646,-7.186071,-7.4394546,-14.306829,-13.041304,-9.803131,-14.65169,-23.200012,-22.408424,-19.025505,-15.284874,-6.4149427,-30.18911,-38.52791,-30.879683,-23.130135,-13.056269,-10.921745,4.5563183,-1.8927135,-6.9230394,-7.8611827,-3.0277853,-21.104216,-24.700401,-19.70414,-9.920921,-9.028115,-7.3311353,-3.3734627,-6.693007,-5.7098823,-4.1551967,4.5566206,-5.852277,-10.92762,-8.634144,-4.718649,-4.395219,-6.143886,-5.3388076,-1.7454095,-3.4592433,-1.7617599,0.0,0.0,0.0,0.0,0.0,0.0,0.0,0.0,0.0,0.0,0.0,0.0,0.0,0.0,0.0,0.0,0.0,0.0,5.894891,-0.25032777,-9.001577,-16.327843,-12.992593,0.23916298,5.1700225,3.1744034,-5.024946,-4.5563374,-16.744503,-17.327003,-17.637852,-28.539427,-19.182018,2.0092733,0.6484653,-2.7700276,-0.010236088,-3.8903224,0.699301,4.6265836,1.0999522,-0.26301968,-3.843875,-7.5576053,-11.692804,-8.552324,-5.520743,-6.765322,-7.3873987,-6.7022934,-7.248721,-9.512617,-10.832067,-7.488735,4.609821,9.2102585,14.895239,9.759199,-1.9894884,-10.731251,-14.077436,-8.241829,-8.12445,-9.896813,-12.665531,-13.232193,-24.278244,-22.779587,-27.545376,-20.227896,-10.217889,-8.755755,2.2606125,-3.9574766,1.4433299,-0.33418596,-8.590192,-11.786621,-5.146734,-2.301907,-5.4386973,-3.1757042,0.8532606,-1.4471705,-7.112834,-10.105398,-19.233784,-15.144068,-6.6015778,1.1594782,6.8982406,6.715845,5.670533,-1.861473,-11.85619,-8.836712,-1.1882161,-4.620384,-13.666885,-13.605169,-8.814121,-2.6106396,2.1315322,5.3940077,2.7569623,5.349713,9.340973,14.244337,16.096624,9.1501255,1.9989183,0.6624579,-3.4104018,-1.8808109,5.8889294,5.3214464,-3.1506224,-1.3844944,-1.6891103,-6.3704557,-6.1648045,4.2611127,6.214259,5.972926,7.845272,6.5124536,12.875222,15.264347,24.709175,25.82045,10.486427,0.4773816,2.990348,10.23069,15.780696,15.513454,15.409679,11.236094,16.538456,6.519799,4.6623554,1.5065076,-7.2751513,-9.2281475,0.067641556,6.771105,11.820063,18.394356,19.769934,18.482555,14.80099,7.1154757,-7.049797,-1.9719765,12.350184,10.139975,3.5645437,3.768241,6.998379,11.771156,19.558388,4.637272,-9.31227,0.5812874,0.6128671,-2.9405003,16.10936,17.54689,19.236652,17.042076,14.842119,10.042595,5.8346205,4.414264,4.8218536,3.9614768,-2.9966197,0.26280642,12.587582,3.8265195,-9.429844,-13.677377,-8.271481,-0.1252569,10.871015,20.657263,17.116518,14.351271,-0.3195756,0.05106473,5.899006,0.011707842,3.0820608,-3.9986541,-9.637366,-4.450341,-0.5800872,4.9006205,7.5620346,-7.8203473,-17.933525,-24.476196,-23.950272,-16.384705,2.907043,14.178159,12.735229,6.2125444,2.6302476,-8.523958,-12.674595,-13.169632,-11.086736,-9.439389,-6.4863076,-4.9547644,9.509264,13.99673,17.042599,10.3359585,1.7430453,0.0,0.0,0.0,0.0,0.0,0.0,0.0,0.0,0.0,0.0,0.0,0.0
0.0,0.0,0.0,0.0,0.0,0.0,0.0,0.0,0.0,0.0,0.0,0.0,0.0,0.0,0.0,0.0,0.39895654,0.52630156,0.0,0.0,0.0,0.0,0.0,0.0,0.0,-0.22973871,20.913492,21.812677,9.380747,-7.332555,-4.6289825,1.0817616,1.5081917,-1.3961898,-2.1308274,-2.0472028,-1.6264606,-4.56754,9.1736765,10.821033,4.7653465,-7.236471,-15.320266,-10.578041,-9.810879,-11.805518,-9.695429,-5.3012705,-4.7574472,-5.866669,-5.3545914,5.157395,6.1164513,1.9160318,-4.472033,-3.0130234,2.5836227,7.101306,7.792761,8.429986,2.1156478,-0.03426543,-1.2692633,0.80170274,11.968127,7.813332,-0.502671,-5.317602,-3.104045,-0.61405575,-3.4347262,-5.6792955,-7.380478,-8.180277,0.7371857,5.745138,2.5037458,1.5225368,1.3460231,1.7946837,1.4267223,1.1042703,0.89250505,0.75874114,0.6788524,0.5544538,0.42722377,0.25344798,0.23057333,0.16366887,0.0,0.0,0.0,0.0,7.5337677,20.617256,-13.91551,-7.669759,-4.6081843,-3.4912481,1.1936214,-1.3345915,-1.6232085,-8.060732,-4.1997733,0.36850768,-7.832553,-2.4747958,4.075797,1.6588105,-1.1191905,-4.7550583,-5.305333,5.7641525,15.723326,10.110912,0.89127463,-0.47607228,0.49875516,-3.8344696,27.58715,15.72787,2.6391635,0.49028295,1.9876513,4.555417,5.419457,-2.032375,-1.2611929,1.9507916,16.289444,23.33675,22.64706,21.242899,13.745079,15.856343,18.094364,21.24859,20.841928,19.108917,9.107336,-5.827548,10.181221,9.696,6.98067,3.7394576,-2.7052178,-5.7580204,-10.684956,-3.1137552,3.5726345,12.324966,4.3278155,-1.0985031,-1.7355275,-1.7843103,-6.6716285,-8.726446,-4.7752705,-2.2973218,-10.044768,-9.402668,-8.0439625,-9.350053,-0.8831608,11.725758,20.13107,15.504847,13.991247,4.51869,-6.473594,-21.056263,-14.604919,-12.266453,-7.0442204,-10.70211,-13.204551,-6.632782,-0.3028546,-4.0064735,-1.6222559,9.777927,5.18961,-8.109697,-17.728117,-18.844366,-14.534283,-13.583756,-12.574472,-10.990643,-16.077827,-22.309317,-25.121353,-26.09183,-12.479265,1.0188347,0.6350715,0.0,0.0,0.0,0.0,0.0,0.0,0.0,0.0,0.0,-1.1527568,-0.53375727,-0.21120304,0.0,0.0,0.0,0.0,0.0,0.0,0.0,2.4537385,-2.5198636,-10.302709,-12.5385895,-6.50982,4.8315277,5.909725,1.4011526,-0.70338297,-7.348447,-10.574873,-7.2259626,1.097753,1.013741,-1.1605257,4.006571,1.7478456,13.737585,11.665239,6.0017595,2.488553,1.0873903,-2.3368244,-6.9075813,-11.367146,-5.9540997,0.40672103,-10.090012,-10.743689,-5.860506,-2.010003,-4.117462,-9.484968,-8.027727,-2.811912,5.6467695,4.0728536,4.4461975,-2.0518894,-4.0485168,-4.584277,-3.2681746,-0.24292043,2.744674,2.7926288,7.6419296,10.399996,4.176354,13.547527,12.368465,-0.38918382,-10.240143,-15.981047,-13.890693,-10.371331,-8.276427,-4.469574,-4.438046,15.305059,15.348532,8.067293,6.8431115,2.3226485,4.0137362,2.1266222,5.34134,4.807745,-0.37593114,-1.800282,3.814107,-4.615774,-6.0701323,-8.414322,-13.666454,-10.650126,-9.32467,-8.379625,-5.829885,-1.9021226,0.0,0.0,0.0,0.0,0.0,0.0,0.0,0.0,0.0,0.0,0.6385719,0.62932944,0.048772,0.0,-5.784027,-6.493849,-8.132565,-8.214836,-4.586546,-0.876823,3.756307,5.1832857,2.8698146,1.0315285,1.9660273,12.456745,17.566319,13.362608,6.637109,4.6776843,5.687063,-1.3558371,-4.971232,-5.6968317,-2.1644058,-2.6931396,-1.7589389,-1.5653636,0.10882677,-6.4416637,-12.060831,-7.470003,-6.3780847,4.1637955,9.857395,19.540619,16.29338,8.58434,1.5532405,1.7489645,3.480227,1.1711731,-10.350614,-7.802461,-12.728298,-16.267859,-15.68304,-12.478025,-4.29477,-4.7945952,-6.2034063,-0.22727966,0.39598086,19.42409,25.437311,20.174236,10.274019,3.9996486,0.47581184,0.8375386,-2.26625,-4.5865345,-4.6239767,0.6474406,4.226722,8.331394,9.6801195,0.59932005,-2.554263,-1.5621381,-3.5535219,-3.7476444,-1.5965183,1.3767192,2.5822425,3.409469,1.5098946,11.855364,2.3164515,-1.9592519,-1.3608228,-5.0255065,0.42193842,1.1283482,-2.0213592,0.0,0.0,3.4843712,2.4355938,2.5280056,-7.593273,-9.689874,-9.702993,-10.856041,-11.077215,-9.917143,6.1962867,-2.2471495,-8.340929,-9.5519905,-4.06352,-2.592499,1.9194032,9.899895,16.616564,12.256797,11.822689,4.7200527,6.9291344,11.500418,5.006744,0.17142251,-2.067779,-5.453718,-3.004398,13.375938,12.222022,7.9450083,6.316161,4.867129,1.079843,-0.14881194,-2.1001213,-2.6792386,0.5259421,-3.812069,-7.5361834,-11.332126,-14.628219,-8.071411,-8.652596,-7.7470427,-5.51257,-0.64268005,1.1369143,0.7976239,4.976774,-13.911029,1.5950404,-1.1072483,-0.63351226,8.196641,11.211418,12.938618,25.26223,28.028355,22.162483,13.455027,-2.143805,-10.897595,7.052106,10.726376,7.597784,1.2345886,-4.3468184,2.8471143,3.7584736,0.080829605,4.754019,6.741702,13.412232,20.324226,17.872318,6.5240383,2.2870615,0.0,0.0,0.0,0.0,0.0,0.0,0.0,0.0,0.0,0.0,0.56422716,-6.335393,-9.284327,-11.08557,-9.183228,-7.3456717,-5.3734965,-2.4014206,-1.16645,16.069878,19.360756,18.582947,6.9007416,0.0,-7.4886427,-3.4668593,-0.58226,-6.0421114,-6.750821,-8.258047,-10.417645,-16.079178,-1.9429245,-0.0016185939,3.4968512,0.22867066,-3.9103103,-1.7877905,-3.557977,-2.563333,4.852049,5.4579034,9.115749,2.8850985,-5.324584,-14.6204405,-8.866951,-12.253876,-20.5023,-14.310201,-0.5969665,5.7516775,7.288888,9.223171,-0.45281023,-0.9824674,-6.647879,-10.757544,-12.776414,-16.288525,-12.200268,-7.205967,-12.532066,0.39606225,5.353857,3.0583897,4.416727,-0.004675269,10.261925,10.657143,6.79194,4.346807,4.084764,5.7884045,8.718827,9.762844,5.211337,2.6556182,-0.5509903,6.0137806,5.005877,-4.0764375,-7.079957,0.1640448,13.205592,3.5065827,-3.4694023,-6.6182013,-9.283602,-7.2693186,-4.3372664,-0.9376329,7.811594,11.697664,13.26134,8.538906,-0.74465626,1.0903453,0.4856901,-8.602081,-12.223209,-9.941147,-2.3469849,-10.159754,-0.83442885,16.555592,16.67583,14.637524,11.423601,6.9698544,6.7219563,4.7741833,1.4171809,1.5211262,8.601581,10.227081,-0.1778545,-6.4401393,-11.051056,-7.4423428,-2.2340786,-1.057015,-0.1645957,-0.1699332,7.614381,12.497787,11.659796,-2.9778314,-9.970615,-14.011158,-12.653366,-11.887077,-6.427291,-3.3031101,-0.42836434,5.3722377,1.8511734,-0.61656857,4.8827987,4.452239,11.26129,9.393005,7.0118933,5.41216,3.1470337,16.390533,11.465246,9.96487,11.923625,15.747178,15.61466,12.265961,8.308066,11.24131,9.586956,10.492067,-0.37915552,7.755474,14.510557,13.813115,9.703514,-1.6916378,-3.9461794,-2.7087848,-0.36132482,-0.7625777,0.0,0.0,0.0,0.0,0.0,0.0,0.0,0.0,0.0,0.0,0.0,0.0,0.0,0.0,0.0,0.0,0.0,0.0,-6.954555,7.1941056,11.345137,3.5926607,-0.6977793,5.3577294,4.7896876,0.48826903,-2.1351695,-1.0625029,-6.7059216,-8.654778,-11.867563,-17.990204,-17.672146,-4.7876825,-7.3422318,-6.8501024,1.852992,-1.9508368,-8.851097,-12.140047,-19.763828,-21.032578,-12.6534,-7.957936,1.1021365,-1.6894083,-0.6944388,2.9840755,3.0119305,4.8347044,6.1035767,6.7640495,7.761096,11.537383,3.9587872,2.496268,2.7669168,2.6178904,11.88592,10.901819,10.607927,2.8293424,-2.9369648,-8.282049,-9.009451,-8.573673,-5.06984,-0.33899003,0.8057657,4.5062466,6.024888,2.9116092,-2.949079,-6.733861,-1.4977617,2.3364606,-0.16789925,-6.24339,-14.492342,-18.940708,-15.544376,-9.840228,-6.2056494,-6.976549,-3.1037335,-5.1775246,-1.2255578,-0.6194663,-6.47731,-14.818097,-14.737219,-6.501437,-0.47599614,-3.619453,1.4611752,1.2241185,-3.7135153,-5.1339917,-5.8580194,0.5069221,5.5549207,4.379433,-0.1465168,-1.0949672,-7.0487213,-5.5415154,-0.5867424,4.3325915,9.299147,2.5128202,-4.2217793,-7.1758003,-4.5219603,-3.8599443,-4.831423,10.217472,9.480595,8.022915,12.439627,13.291712,25.607304,26.61298,23.703915,20.168514,16.169613,10.0808525,8.391249,5.324244,-2.8741872,-1.8781612,3.9138224,0.09969291,-3.8258498,-9.540477,-6.184612,-0.9343145,-4.0295897,-0.81841505,-0.5382459,6.765239,8.008833,9.170068,9.744652,3.9695835,-1.5106436,-2.4177442,-12.599183,-13.818101,-10.368274,-4.718126,2.2211275,5.6497164,-1.5867124,-7.497704,1.8579328,-0.6420384,-10.667117,-15.883804,-14.927252,-13.80176,-8.34844,2.9913933,-0.21591787,4.4423866,-0.2843715,-5.340355,8.506426,4.649526,0.5173789,-6.439395,-10.630592,-13.295578,-15.551481,-8.791504,1.4936392,8.488598,12.648378,2.9630637,-9.93145,-5.6785855,2.8764687,4.074223,1.1861463,-4.312308,-15.373359,-25.401678,-22.33714,-18.93721,-2.3630464,-1.3755071,4.139007,3.9332428,2.5875897,-7.818861,-8.257693,-5.014491,0.058847845,6.410023,9.511719,14.039183,9.281702,3.6290994,3.8451939,9.755665,4.794608,10.077768,9.714859,5.174112,2.9152946,1.6681579,-3.2234612,-6.7368736,-9.715468,-10.257043,-7.85155,-5.2170115,5.050012,2.911867,0.057632744,1.5832412,-0.5275452,0.0,0.0,0.0,0.0,0.0,0.0,0.0,0.0,0.0,0.0,0.0,0.0
0.0,0.0,0.0,0.0,0.0,0.0,0.0,0.0,0.0,0.0,0.0,0.0,0.0,0.0,0.0,0.0,0.09969099,0.1315121,0.0,0.0,0.0,0.0,0.0,0.0,0.0,-0.13878441,11.7654295,5.6710463,-5.484864,-9.065538,-6.0271225,-3.3990388,-9.988606,-17.694595,-20.013004,-14.675345,-3.7656436,-2.8257737,7.7082467,6.7595277,-1.0807338,2.2849226,10.089202,10.359746,0.010269195,0.6115753,3.2081184,5.2702374,5.8008385,5.543454,-4.9479494,-15.274085,-8.1214285,-3.58042,-2.2854729,-7.6054735,-3.8417413,-0.008711666,-9.946795,-20.08802,-20.316814,-21.283966,-21.888542,-16.46544,-11.850063,-8.107031,-14.557437,-16.684414,-17.305862,-19.207228,-14.112682,-13.308805,-12.400222,-7.307669,-0.4135776,0.8512806,0.5287913,1.5189481,1.3424323,1.7749811,1.418462,1.1004971,0.8904005,0.75695235,0.67725307,0.5531434,0.42622018,0.25285122,0.23002869,0.16328213,0.0,0.0,0.0,0.0,2.9061594,13.475975,-13.998527,-11.592104,-11.236959,-14.093895,-16.357853,-12.5708065,-6.7492867,-12.978075,-8.858145,-2.0029871,-8.215905,-11.082731,-5.0819197,-0.19393057,-0.4763062,-0.5375262,3.8576474,-0.48978364,7.366967,12.005326,6.7450676,-2.3112912,-3.2759821,-1.2737343,13.365587,12.7536,16.1494,10.944973,3.4586496,0.64235485,-1.3554989,-9.384193,-14.043114,-22.97889,-31.571276,-28.42823,-23.872305,-17.920849,-14.641974,-11.055384,0.5315616,11.74265,13.022528,13.257323,12.162306,-1.0524528,-16.079617,-19.063593,-21.545992,-20.338295,-15.748209,-20.999294,-22.145088,-23.527702,-20.125662,-13.921072,-19.596935,-20.953117,-15.166086,-9.840474,-2.2948542,-4.9033194,-5.348982,-5.282732,-6.477108,-4.2978916,-2.5700057,-0.7879449,-7.3744516,-0.6843651,9.161213,14.037174,8.480706,-0.7784457,1.2661157,0.9751103,7.0752454,2.8876395,-15.970688,-22.29882,-13.486701,-5.2004013,0.54917645,-3.757947,-10.767676,-11.5639515,-13.094851,-11.338733,-9.50846,-9.478223,-10.112481,-10.081108,-10.450647,-11.957521,-11.729502,-6.2469025,2.0022166,1.5940396,4.1997976,10.092272,1.6929674,0.0,0.0,0.0,0.0,0.0,0.0,0.0,0.0,0.0,-0.09316577,-0.0015600512,0.08621127,0.0,0.0,0.0,0.0,0.0,0.0,0.0,-1.4773762,0.437572,14.269009,15.952109,9.899278,-5.368271,-8.572826,-5.313278,-6.177746,-7.0231333,-0.08575161,6.1280694,6.022194,2.9545758,1.0922465,2.7194066,-9.280067,-2.321021,-1.4680591,1.9260464,4.9711347,2.816279,-2.6090832,-6.7615643,-11.271685,-0.09768343,13.401815,4.7269244,-7.0310445,-17.618036,-18.786118,-12.133357,-12.43723,-10.565792,-7.862425,1.0822324,-2.8438087,-4.7424707,0.18790996,-0.538593,-2.9059422,-7.548317,-9.638586,-1.2174846,1.4166591,2.2822986,-3.0689259,-12.921449,-3.5176587,-26.93592,-21.882889,-15.956926,-10.851206,-3.2345948,4.089999,8.271926,5.5484486,-1.808218,35.079617,31.585678,22.168678,9.467114,6.149763,2.0145187,-7.0465207,-10.755743,-15.137474,-14.242853,-8.229089,-12.097961,-6.8178353,-1.4785688,1.172563,-1.3297852,-0.44925588,-4.1530724,0.11066824,1.6707032,1.5628059,0.0,0.0,0.0,0.0,0.0,0.0,0.0,0.0,0.0,0.0,0.63706297,0.62784415,0.04865315,0.0,-1.7681706,-20.872456,-25.083326,-22.868372,-24.61121,-24.28387,-16.6037,-10.166271,-4.908734,-0.44979933,-4.019799,6.3983073,13.165641,10.943201,5.436035,6.3079567,-4.070428,-1.4467143,4.592021,5.011198,8.03,3.0305188,-3.034453,-3.1564722,10.487366,3.213756,0.71104044,1.878676,0.2174592,-1.2320673,-7.6475186,-15.950453,-31.895771,-29.583874,-22.13586,-16.92659,-11.680382,-6.6123824,-12.44533,-27.420588,-25.885635,-19.318016,-13.428759,-13.196246,-14.348625,-10.4452305,-6.5538564,-3.210465,0.46021813,39.404617,11.319597,-9.046158,-9.14893,-4.249716,0.81709766,-2.9847374,0.68254,2.0059445,4.245207,2.91326,-9.207788,-1.9647857,7.5005913,8.792907,0.5350053,1.1192464,6.2054424,5.841365,0.73280853,0.6899717,-2.6408858,4.666892,6.772499,-7.1339035,-4.4754877,-2.5821416,6.2246647,3.571134,0.8936653,2.053327,3.8093572,0.0,0.0,-0.3213511,-21.195694,-21.038755,-16.527718,-9.453116,-7.637267,-1.8266499,3.2020597,-1.8760605,-11.310078,-17.982456,-13.601316,-6.7685757,-0.036455963,-0.7060622,1.275042,11.036711,5.946215,6.918524,5.880002,-2.0567746,-12.940867,-8.724213,3.7980242,12.538462,10.657463,0.24580376,-2.0118628,3.536573,-26.27311,-34.028816,-30.515137,-26.625904,-21.038326,-21.310415,-10.765229,-2.9368706,2.916289,-20.761864,-21.152962,-19.651817,-18.604893,-13.325785,-7.8646746,-4.4248247,-8.15852,-15.32826,-14.376149,-9.21574,-4.0963774,-6.3112473,12.2630825,15.377209,21.232815,12.273136,4.0558324,2.8180969,-1.8236928,-5.6632533,-6.1661205,-8.888217,-10.778574,-12.571394,-1.4723444,-2.2954137,-13.625738,-21.071093,-28.671436,-34.35236,-27.63706,-24.935669,-26.13314,-19.073929,9.542478,18.799805,17.696442,4.0820146,2.009997,0.0,0.0,0.0,0.0,0.0,0.0,0.0,0.0,0.0,0.0,-0.62231195,8.026554,12.170815,15.865007,15.939049,15.256523,10.768445,5.0298867,1.4623069,1.0011922,1.2223258,1.8096182,3.2310061,0.0,-7.898048,-7.4668913,-2.7777572,0.44512367,3.729224,4.6351404,2.4751797,-4.7017155,-12.78578,-16.200933,-12.729235,-8.180044,-9.311313,-11.532753,-10.937543,-12.138062,-12.651605,-10.598929,-3.6975834,5.9769883,-0.34516418,-6.0774565,-11.291172,-9.431349,-7.6147594,-3.5374546,-6.139159,-8.148134,1.2396013,8.3219595,5.8707747,2.4947655,-0.88031465,-1.2816758,2.1845148,4.082671,8.863753,3.315037,23.954006,25.276402,12.652671,-3.0495706,-10.528301,-9.187365,-12.746963,-4.421108,-2.6733031,-1.1519309,0.63071364,9.176521,3.0115252,1.7839088,0.49450737,-9.667318,-13.307784,-5.2038403,10.289159,9.949771,7.8294706,6.7844877,-4.4627867,-23.139502,-23.866383,-19.960194,-11.6252165,-3.6618328,0.93968153,4.408801,6.1585674,6.961935,15.054786,9.358686,4.436915,-0.7894674,-9.65368,-13.39127,-10.215271,-8.018355,-4.957744,-10.19018,-6.087426,9.37863,3.1256356,0.7887259,-3.9122157,-7.699506,4.1184487,3.3280025,3.6951652,7.3547487,-0.4113339,-5.572335,-10.77022,-12.372068,-9.60026,-6.15281,-7.315741,-5.1030145,-6.395859,-4.6128345,11.826332,19.537182,17.088116,-8.5862665,-8.8372555,4.3680077,9.488808,13.005202,16.11131,-0.42076916,18.81191,23.138138,12.927532,-3.535313,-3.0105019,0.7977496,-14.93816,-6.1858406,-1.236494,2.3828678,4.7942243,1.1932192,-1.6992593,-3.5495553,-0.07641646,3.1328766,1.8290179,-1.1807766,-8.568868,-12.308651,-10.41407,-9.0984745,-4.97233,0.25334287,6.5143514,5.422694,5.9097857,-3.6338441,-8.093027,-10.34801,-3.0667934,1.7625331,0.0,0.0,0.0,0.0,0.0,0.0,0.0,0.0,0.0,0.0,0.0,0.0,0.0,0.0,0.0,0.0,0.0,0.0,-0.95662755,-6.7092023,-2.9161816,-1.9862807,-5.311298,-11.842676,-12.975097,-14.582316,-3.8550272,-1.2130315,1.1607466,1.6333448,0.51138145,8.533172,7.317127,9.104975,0.87147844,-4.7778816,-5.732535,-9.493276,-6.4432535,-2.7105556,-5.078515,-1.2052052,0.24621814,-23.662874,-15.85021,-13.968565,-13.245569,-14.650985,-5.9556074,-2.9960358,-4.8134727,-7.8589745,-7.9657593,-6.3729644,-23.14807,-22.666153,-17.911,-10.750528,5.3727293,7.2839994,-3.778042,-7.4567723,-7.772303,-4.4431,-3.1493008,-1.99291,-3.355345,-3.7478528,-1.0902468,1.3284743,5.63922,8.537367,0.6790744,-27.638493,-30.86168,-19.432121,-5.6541414,6.7098536,14.957146,12.315157,9.25288,3.2391365,2.511125,0.988994,-0.45873088,-1.09335,11.9118395,11.148497,5.335643,2.3321576,-0.28893653,-9.103302,-16.401798,-5.5801315,13.659315,8.887026,4.274146,5.554347,3.820662,0.041077882,-4.64145,-8.411766,-10.050552,-12.466013,-14.202154,-19.193157,-19.031181,-9.2994585,-6.977232,-12.1494465,-10.603298,-10.561597,-11.151284,-9.690424,-14.1174965,-24.231628,-19.127947,-18.510334,-10.834576,4.0623426,-3.9967935,-12.768303,-16.910492,-19.858696,-15.273239,-7.0464616,-8.085043,-9.37303,-18.514519,-34.30021,-18.947824,-6.355547,-2.979405,-5.4107304,-7.247429,-7.030798,-4.1209793,6.540796,-1.812498,0.57204366,3.7452703,0.8145913,1.4809669,-3.0489101,-1.3573828,-0.960276,-8.397049,-11.374774,-12.215752,-9.510672,-2.4266686,-5.1754456,-3.8205233,-5.8204308,-6.4539194,-14.60474,-13.477048,-15.565697,-13.258115,-14.0400715,-7.610533,-13.457678,-2.3099198,-1.421907,-1.0286347,-0.7909632,-13.29973,-27.423773,-30.961351,-30.41074,-23.767841,-15.168531,-6.0100913,3.09707,3.5244806,6.8962135,8.3364725,-3.2256758,-10.921856,-10.86911,-13.906493,-14.973761,-17.822937,-25.38522,-21.000195,-13.7859335,-13.502131,-10.254259,1.2185378,-6.4169807,-5.86695,-9.402723,-14.573329,-3.2353005,4.40203,0.8335716,-2.3396873,-6.1710052,-8.613259,-2.7360895,-0.65110517,4.6369514,13.160093,15.2768545,-7.087503,-13.392679,-15.911388,-13.163601,-6.2991858,-4.8634925,-10.382817,-8.708504,-1.551625,2.2151275,1.6107996,0.81284666,1.9875169,-0.5756606,1.5790937,3.224353,-0.3071236,0.0,0.0,0.0,0.0,0.0,0.0,0.0,0.0,0.0,0.0,0.0,0.0
0.0,0.0,0.0,0.0,0.0,0.0,0.0,0.0,0.0,0.0,0.0,0.0,0.0,0.0,0.0,0.0,-0.4907797,-0.6474345,0.0,0.0,0.0,0.0,0.0,0.0,0.0,-0.51001877,7.915231,8.554769,8.921909,8.107096,3.4036024,3.0902357,0.14290386,3.2717528,6.323533,1.1303933,2.8820946,7.1683946,16.471643,16.58977,13.915545,8.400355,7.859021,-0.18786065,-14.481566,-17.657042,-16.0926,-12.201342,-3.7547348,1.4111003,1.919047,10.011162,8.661368,5.9760365,5.335125,-3.4990323,-1.2063931,5.200525,7.0221896,6.606014,0.5355436,-3.4456286,-3.3185248,-4.4641304,-5.4011745,7.1322947,4.5457315,2.696272,1.6718627,-1.7964447,-0.6360862,-4.1784916,-2.6723185,-1.3544503,0.6493869,-1.4527361,0.24932003,1.5151213,1.33861,1.7542477,1.4097089,1.0964875,0.8881582,0.7550458,0.6755461,0.5517534,0.42514303,0.2522136,0.22945035,0.16287173,0.0,0.0,0.0,0.0,-3.4933748,-3.7829845,16.34333,8.934721,6.7830043,0.5924952,-4.093605,-1.7911603,3.5023055,6.768308,12.02053,13.6014,10.394745,6.722165,2.6304252,1.4438553,0.2349688,-2.4367332,-1.8814294,8.163416,-2.02701,3.9090488,7.158478,3.9932323,1.4656253,-2.8224444,-4.874796,4.8149467,0.9151759,-1.7108974,-1.6136756,-4.520705,-12.762918,0.02144587,10.548908,14.671169,11.532796,3.2580895,-0.27891082,1.9244354,3.7806976,8.3789835,7.9299836,7.3454895,6.755246,8.934323,15.434981,18.305664,11.000226,10.416077,11.477674,13.86451,8.540928,8.043973,6.530021,5.5414276,0.1782428,1.6127558,-1.9438899,3.0339391,-0.92538816,-2.5150557,11.361912,16.750803,13.075356,9.325866,6.5680876,3.7574725,2.364328,-1.2761604,-3.1394367,-0.49571645,5.753381,15.429877,10.588217,4.390149,6.0916653,11.03529,4.6769347,-1.8271194,2.8212745,6.4183207,7.7042675,6.1172066,8.36386,12.468058,2.7677987,-2.931929,-0.26236385,1.9340898,-0.54235005,-6.8065867,-8.16394,-8.053165,-4.2210207,-3.9009712,-0.9546305,4.029896,1.8275068,-6.099453,-5.140996,-0.7394454,1.8752966,0.0,0.0,0.0,0.0,0.0,0.0,0.0,0.0,0.0,1.1289219,0.53085256,0.22300676,0.0,0.0,0.0,0.0,0.0,0.0,0.0,1.0667186,12.749469,14.350389,11.338722,7.2486725,0.078455046,3.139706,0.68332994,-4.055588,-2.4811718,13.538254,11.587124,11.441078,22.786308,28.438011,23.512924,7.4170895,3.874815,5.6998925,2.9828076,-0.64958227,-4.968301,-6.0343704,0.42142415,7.392391,2.8127425,-4.2142363,11.081651,20.61013,15.695236,7.1051493,9.568563,4.6064024,8.397662,8.207762,6.1871653,-0.12494075,-2.947785,-7.787817,-13.035421,-16.352388,-14.380196,0.93057925,8.039711,16.267458,16.867981,11.846329,9.021803,-1.4056712,-5.291066,-4.4443097,-5.085846,-7.3265004,-7.129369,-9.189199,-9.611195,-6.764986,-4.287369,26.937977,27.673962,22.019451,1.1512096,-7.168342,-6.896673,-4.101232,-0.69215727,1.389394,2.4190907,4.6940947,1.1180141,12.205841,24.888695,33.792305,34.183823,30.206444,25.402086,19.010271,11.064004,0.5846651,0.0,0.0,0.0,0.0,0.0,0.0,0.0,0.0,0.0,0.0,0.6354618,0.62626433,0.04853446,0.0,-0.94797236,-11.597597,-6.776211,-6.3434258,-0.3142128,5.756814,1.327611,-7.6359353,-17.08936,-21.983536,-9.065013,3.7783566,13.578758,10.771394,4.6681232,7.5905285,18.4399,19.84547,16.128378,9.276388,6.507073,1.5241499,3.000544,2.4026115,9.441234,16.041733,19.229677,17.45176,20.155752,21.252117,8.176111,0.29659766,9.120426,6.9204035,3.1810954,-6.500692,-10.150286,-7.753989,-8.920578,7.8841896,14.44278,22.988869,23.22518,16.055832,5.8009424,-2.568812,-5.3666377,-4.1916614,0.4072053,8.092472,6.5537605,5.9423113,10.973232,13.320496,8.753999,4.507176,5.420008,7.0977993,9.051637,-1.8073128,-1.4590251,2.174395,7.606402,16.757473,10.530345,9.363102,14.072238,19.03342,17.702972,15.323193,9.37025,3.0626793,-1.1130596,6.5105476,12.244381,10.49449,11.162461,15.955064,16.545822,12.265025,2.9972167,0.0,0.0,-3.2783756,9.357718,8.468584,8.346594,2.065951,1.2909904,13.52936,17.127193,12.572781,-3.9762573,-1.0549021,1.0751426,-0.17441165,-1.810744,1.1675442,1.2414834,4.1534967,22.03307,18.909843,10.372253,8.394993,13.923607,14.378597,20.678818,24.85448,25.739716,25.105684,23.456806,7.611046,3.8372297,3.0047293,-0.90813345,-4.8588405,-8.63757,-9.114237,-2.6734529,2.3106306,3.7901359,-9.11387,-11.224802,-8.027156,-4.4095955,-7.699612,-8.090313,-9.393156,-5.8096194,-1.9838064,-2.230252,-2.4127705,-4.434214,-6.1420336,3.2070327,2.7215178,-1.3566104,-10.933781,-16.97089,-16.916613,-21.725832,-31.781898,-30.72097,-23.496746,-11.642425,-11.389413,-5.3807297,-8.591006,-8.550882,-6.875347,-11.078133,-9.179585,-7.825168,-10.446142,-15.002224,-12.369071,-0.18295777,8.602926,10.684559,3.2024777,1.9039307,0.0,0.0,0.0,0.0,0.0,0.0,0.0,0.0,0.0,0.0,1.1859741,11.161279,13.257751,11.073988,7.2539225,5.7071285,5.8154845,2.6429086,1.2802188,-11.739801,-12.788931,-12.163963,-3.484188,0.0,8.131979,8.590214,4.9067097,7.967059,7.925081,4.7412114,3.9443693,2.5824666,-0.74716294,3.1579666,0.47634572,5.501833,12.7066145,14.406729,17.680414,16.069689,5.766121,11.610402,3.525014,7.0713253,9.663841,7.7402744,6.7230177,11.574085,20.44194,27.628254,22.412683,11.08862,10.483659,5.454816,-1.2353909,4.7137094,6.3998775,9.299463,12.543657,15.391402,14.473604,8.294249,16.399551,17.236404,15.402234,6.092664,-5.2432766,-11.172846,0.1253308,10.052311,16.48737,15.281366,9.495604,19.357395,18.013828,17.25694,12.631733,2.813716,-5.6608996,11.775532,24.611382,23.283602,22.432434,23.229916,13.465475,13.914663,13.302158,12.010426,6.3922453,1.5827048,-6.8771048,-8.639036,-8.9005165,-4.869314,-0.773404,-7.5616345,-1.6440194,-3.376491,-1.5161887,8.125381,1.2620027,-1.6268246,-4.4250965,-6.9829264,-6.65388,-5.4129395,6.1112094,8.061904,-0.3618872,-3.4062088,1.7015331,5.773987,3.610581,27.9487,21.12951,10.911398,6.119218,6.0882006,3.639457,1.1176016,-2.199757,-2.0799234,-2.70052,4.288359,23.865425,33.14296,32.38083,5.0987206,1.6161505,-9.17283,-13.820913,-13.213165,-8.219997,-10.570782,-12.387825,-9.635334,0.4822796,0.60169005,-2.445427,-4.6569767,-8.664097,-6.92522,-6.802932,-6.3353214,-3.528014,0.23336422,-0.36746645,-3.9908562,0.50967664,6.649188,9.191347,10.574448,7.341814,8.387936,7.323137,6.323498,-0.10900396,-2.7163467,1.7710483,4.1314316,3.4672475,7.251236,8.912268,9.003878,1.3490899,-1.8118088,0.0,0.0,0.0,0.0,0.0,0.0,0.0,0.0,0.0,0.0,0.0,0.0,0.0,0.0,0.0,0.0,0.0,0.0,6.904517,5.195736,8.031969,4.51592,4.2811823,-3.950573,-7.5496364,-5.1754546,6.650712,5.8633847,6.1240892,7.657619,14.091511,12.249853,15.878672,15.574723,13.211082,7.9158716,6.2284217,-1.5336394,1.1954385,2.674743,-0.7561383,-3.799812,-9.257571,-13.248364,5.4509163,9.512916,3.655129,6.304288,11.137377,7.727145,-4.973757,-8.666952,-5.918991,5.5962143,0.9030391,-1.3792186,-1.3237705,-0.8821262,-6.147543,-13.493832,0.16135019,11.259247,13.3601885,20.379166,18.068327,7.162774,2.6380982,-0.20893878,8.390918,18.762157,19.737995,18.460333,9.680039,-3.3099065,-6.9620543,-1.5245354,1.4433405,0.7586973,-3.7986784,-3.0026667,-5.5444493,-11.712593,-9.2950115,-7.63031,-9.44622,-5.503816,-16.209679,-21.541859,-20.607052,-11.250208,-6.765372,-8.103992,-17.01837,-4.814698,2.5631576,-2.249424,-0.98986703,-5.5779667,-13.0139475,-10.899694,-11.464863,-15.06489,-16.08946,-7.9819827,-8.21768,-9.019429,-2.4635336,1.8772649,2.2365127,5.2315664,12.8354845,15.0828905,12.984415,9.527929,-5.681387,-27.434803,-24.905066,-21.136879,-21.29599,-15.628468,-29.282726,-30.06736,-25.76934,-24.479954,-23.845146,-17.028412,-9.446024,-6.0041776,-3.1477978,-10.302748,-12.009679,-9.936516,-5.492815,0.5249492,0.47174144,-6.4673247,-5.5556073,-0.7379351,-6.2647123,-18.835476,-21.36165,-22.254997,-21.488178,-21.00805,-14.753664,-11.710419,-4.5393076,-6.5153856,-9.225958,-8.211754,-4.049398,-8.021524,-7.2584925,-2.4527957,-8.299517,-8.912349,-8.649332,-5.766184,1.8123426,3.7116182,-3.9111722,-0.5433425,7.5554295,13.687198,17.651094,20.602394,9.579567,7.794969,6.71889,6.504111,5.606813,3.817452,-0.924411,-3.2875311,-5.721322,-2.6047006,0.63769555,-5.7859306,-14.40687,-11.906102,-10.58109,-7.993429,-6.528558,-12.298712,3.5608125,20.66182,14.6729355,12.538248,3.933514,3.8016396,2.1678128,-2.0978498,-11.202441,-16.636534,-21.098778,-18.850018,-15.386856,-14.202018,-12.388831,-13.342634,-11.814301,-8.496305,2.3341115,10.041086,19.362404,14.164036,7.7518744,0.4042755,-2.073134,-6.344767,0.07444311,6.0085335,9.773535,12.8548355,15.62666,17.02113,17.793839,13.899958,10.207878,4.247341,0.83064663,0.0,0.0,0.0,0.0,0.0,0.0,0.0,0.0,0.0,0.0,0.0,0.0
0.0,0.0,0.0,0.0,0.0,0.0,0.0,0.0,0.0,0.0,0.0,0.0,0.0,0.0,0.0,0.0,0.35235503,0.46482503,0.0,0.0,0.0,0.0,0.0,0.0,0.0,-1.0355394,3.4494834,-2.4949996,0.8436699,-4.330412,-4.630981,-5.0840373,-6.450539,-7.355965,-4.694653,-2.5238247,-8.381207,-10.940001,-9.363471,-9.51671,-4.214799,-16.764957,-22.31126,-10.759699,-7.5086403,-11.702692,-14.621175,-18.369064,-20.775234,-19.483028,-7.616749,-3.2457209,-5.1072016,-9.120844,-21.081367,-29.341953,-26.906572,-20.018002,0.68532586,3.1116252,1.1863478,-4.1639404,-4.971197,-6.6632433,-4.378369,-11.39971,-14.048981,-19.906013,-19.292126,-13.593375,-4.9039054,-1.4649009,0.64939225,1.9491129,-1.1473788,1.7867385,2.0784194,1.5110711,1.3345665,1.7325168,1.4004775,1.0922521,0.885784,0.7530274,0.6737402,0.5502784,0.42400652,0.2515389,0.2288365,0.16243587,0.0,0.0,0.0,0.0,-7.2153673,-18.146317,-13.460999,-7.492169,-6.9112167,-2.4557078,2.4488716,-2.8675573,-9.892905,-5.510918,-4.8409524,0.19864622,4.2156467,-5.603044,-6.7425375,-3.648387,-2.9578867,0.08115492,2.546492,-3.4249115,-20.951729,-20.315968,-13.126101,-2.4808402,1.780829,1.3263569,-14.214195,-6.5093555,-13.385952,-11.690518,-1.808045,-0.0439322,-6.0669894,-17.605827,-21.823517,-22.298927,-17.616993,-18.309582,-16.032585,-13.051867,-9.286861,-2.9919093,-9.747013,-19.900383,-23.127676,-23.095749,-15.930358,-14.298796,-7.0620418,-11.037666,-9.775614,-12.411996,-18.885567,-15.29768,-9.5479145,-8.998244,-9.416724,-4.536485,0.00068695843,4.87033,6.585922,7.618413,-3.1422377,-10.314219,-11.122186,-7.1308017,-9.099553,-7.450494,-6.115854,-1.9422187,0.5203459,-8.799452,-14.263582,-7.025922,-8.982414,-8.516193,-11.893217,-20.331123,-18.031994,-8.7034645,-2.7022946,-4.687228,-7.5719323,-15.238764,-18.718798,-12.998703,-10.557524,-7.614849,-9.476398,-13.643161,-15.386452,-16.173605,-18.87209,-19.53416,-20.744446,-21.354105,-16.870972,-11.855,-12.323459,-15.274311,-2.5410411,2.1652353,1.6978796,0.0,0.0,0.0,0.0,0.0,0.0,0.0,0.0,0.0,0.32523292,0.10553722,-0.05260068,0.0,0.0,0.0,0.0,0.0,0.0,0.0,0.42156732,-9.638996,-18.995472,-25.586668,-24.48658,-13.100143,-13.710665,-11.511793,-7.8037987,0.12386131,-1.6009316,-6.320504,-10.36084,2.1410975,11.380255,15.296988,9.086689,3.210822,2.94069,-1.7817037,-7.298622,-10.912376,-11.815838,-14.427021,-13.314447,-14.793436,-20.446247,-22.434505,-9.7499895,1.332514,10.330519,4.0213833,-6.047039,-2.3843699,-1.1604844,-7.798168,-16.505732,-17.565613,-20.89579,-16.485939,-9.719422,-3.681991,-13.712017,-10.638641,-5.258951,-3.0726428,-2.193032,-0.131917,-15.404878,-6.800322,-2.3378901,-0.99726224,-4.7655454,-6.9180946,-9.326767,-10.376562,-11.456078,-5.399987,12.623472,13.595167,8.793454,5.502645,0.7602504,-1.6067457,-3.9503698,-7.4573107,-8.756901,-10.146393,-7.736639,4.411134,-5.203454,-13.114619,-10.302,-7.676002,-7.854878,-6.367763,-2.3472419,-1.0613215,-0.74271035,0.0,0.0,0.0,0.0,0.0,0.0,0.0,0.0,0.0,0.0,0.6337631,0.6245902,0.048404716,0.0,-7.648901,-8.158104,-6.283924,-0.0046839714,2.0022824,-2.919878,-5.224084,-4.647135,-5.6344457,-1.7237037,5.995882,11.063202,16.510406,15.204203,3.5049095,0.16120917,-4.5364585,-11.807142,-15.04122,-16.17881,-10.646833,-11.165049,-2.7094362,-1.8640712,-19.081142,-21.141232,-14.267803,-3.9214635,4.9696875,6.8692026,3.9727173,11.214552,16.580456,12.203051,9.228795,8.9424715,7.948483,3.903128,0.47401845,14.03854,10.411947,8.982654,1.9065235,-1.5507487,3.1763356,1.4840634,-3.7220948,-2.112309,0.2293906,3.4153318,11.42194,3.604247,1.0363116,-0.67943263,-7.7196827,-12.656169,-14.977093,-12.784084,-10.110275,-8.517669,-10.62319,-13.480368,-17.502998,-11.92049,-8.622696,-7.7158866,-11.939201,-13.975876,-13.504368,-12.332428,-8.108908,-9.018925,-13.504458,-12.900592,-18.112,-25.941586,-28.48388,-25.534168,-15.779146,-5.631748,-1.6246921,0.0,0.0,-0.6296905,-3.3832512,2.335682,5.7686486,1.2976756,-3.8692513,-7.217763,-12.218621,-19.944218,1.0213922,-1.7881417,-9.125899,-17.584618,-16.570265,-9.2764225,-6.1921043,-12.538961,-8.191824,-5.240113,0.5680347,0.6160798,-0.31704807,-3.8215394,-5.7114544,-0.7634809,2.2502801,2.1226501,4.425973,0.11018348,-2.9355054,-11.264366,-8.5893755,-5.667598,-5.0669055,-5.4116,-0.9072345,6.2382383,0.24485129,5.760443,7.9331074,9.00868,8.244489,6.7401786,2.736672,-0.4216913,-4.1339436,-3.6907225,-4.9500117,-8.373836,-7.537891,-9.689663,1.4451807,-3.1795225,-16.42023,-10.87722,-5.350606,-2.8630874,-0.80305195,4.8653,7.305948,9.61058,2.533658,-7.6867447,0.3878593,-2.5543416,-0.44616592,1.1096246,1.5885656,6.8190026,8.15034,6.656232,8.461992,8.143387,-4.683405,-0.6432561,2.721674,4.1877174,1.9555875,0.0,0.0,0.0,0.0,0.0,0.0,0.0,0.0,0.0,0.0,-0.038111225,-7.5670595,-11.415335,-12.13632,-9.927163,-11.151485,-10.015675,-4.7645445,-1.3320634,-6.870297,-7.3125687,-7.33834,-4.6012745,0.0,2.6176233,0.6209502,-8.054885,-15.404931,-20.943943,-20.836487,-16.395233,-13.87982,-7.6299195,-9.986705,-18.215313,-12.239165,-5.3832765,-0.19851547,0.47559226,-0.17411922,1.0288621,1.0810788,-0.62828577,-7.4497204,-1.2698116,3.2116668,4.546729,-3.3712332,0.9380009,6.5116553,8.581459,6.8029327,6.050946,-9.688044,-27.011858,-25.938278,-23.944244,-20.738033,-21.053968,-21.564606,-13.59401,-0.490305,-22.222618,-19.723316,-9.860943,-1.3791251,5.206288,3.4907737,-0.504605,-5.1692,-3.902323,-12.52353,-17.706703,-11.739562,-20.396688,-21.523258,-16.52502,-7.365584,-1.0919728,-1.6395438,-2.7739131,-10.964247,-15.9414215,-12.775717,-6.5813274,1.7692149,-6.804369,-12.912317,-14.609555,-12.887688,-12.334954,-3.0366182,7.5040903,11.856277,10.987941,-1.8717088,-9.540976,-7.703882,3.4300964,1.1804769,-2.296699,-5.731927,-5.722584,-10.601652,-3.711961,5.6919847,4.3973947,5.9131575,7.471331,11.310543,3.4346466,4.539439,0.9748752,3.860015,-8.522486,-14.696846,-8.755109,-2.5991535,-6.4514666,-11.760355,-12.03775,-5.9731245,4.077751,0.3717367,0.5379503,6.3529696,5.344982,-11.30999,-10.854646,-18.651901,-22.173153,-19.91185,-15.736654,-6.209898,-20.96056,-17.684795,-7.245785,-6.3898263,-11.168232,-8.087112,13.931118,16.480598,12.316887,8.656433,3.963056,5.7055426,-3.4070973,-13.518358,-11.17442,-1.8215028,0.73315036,-2.3597107,-0.7615613,5.593719,6.224007,6.9018865,1.9704998,6.1532927,4.5684524,1.9543774,-3.0342567,0.76596886,3.7241952,6.533002,6.1243625,1.3565711,0.0,0.0,0.0,0.0,0.0,0.0,0.0,0.0,0.0,0.0,0.0,0.0,0.0,0.0,0.0,0.0,0.0,0.0,-3.760581,-2.9508517,-14.031845,-22.271519,-20.097801,-15.484303,-11.384369,-2.2882147,-4.1083794,-6.249072,-1.2312114,4.05726,1.9915847,-15.018462,-13.876209,-17.645863,-18.012676,-17.12194,-13.847042,-15.120962,-15.623924,-16.038406,-17.759588,-16.095642,-14.082427,-16.000322,-8.284607,-3.0840867,0.48255432,-1.0293462,-7.1501193,-12.051196,-21.954302,-21.739067,-17.897514,-8.102636,-6.7744665,-2.9663134,-0.5190707,-4.3297853,-13.60623,-7.574686,-9.23906,-10.0082,-15.14082,-16.390968,-12.229841,-6.5144362,-24.580738,-35.26023,-29.932062,-13.722906,0.5056013,8.755508,-0.08898711,-2.2398129,4.348604,7.115013,1.5286515,-6.2848754,-16.701935,-18.104198,-13.256916,-8.791052,-10.32626,-10.381541,-6.94346,-6.5601454,-11.990819,-11.1908455,-13.700134,-14.006935,-12.663382,-4.5963235,-4.5476995,-1.5231283,-12.495964,-3.6423678,-0.99624026,4.1239896,6.160966,3.873386,1.8699142,1.6148205,3.1063395,1.6254866,0.5337253,0.7322519,-1.3342652,-7.585107,-11.1206665,-3.3619134,2.6947942,4.849864,8.728712,9.856997,3.3265383,-0.08588141,4.380773,5.616955,-0.76733625,-11.05425,5.021163,12.841157,16.390305,17.899523,8.290182,-5.295252,-10.315208,-10.858994,-0.7355577,14.022764,8.965691,0.29362214,-3.7176952,-4.182565,-1.3758456,-2.4220302,-14.669533,-37.765305,-25.79895,-13.149898,-8.45842,-4.8886957,-1.2240627,-0.060621828,-13.518222,-14.916412,-7.2471833,-8.740679,-9.26733,-10.044193,-6.9974966,0.5697799,-2.7259047,-1.3282547,-1.5650601,-1.4853389,0.5168373,0.3819424,-1.1112053,-2.9289484,-17.850143,-20.79622,-22.79332,-19.827763,-17.979046,-10.648017,-1.4855484,1.2915816,-0.5293243,-2.0597901,-0.9654033,-3.156312,-7.0947304,-7.207572,-2.5154128,-4.1764355,-3.324102,-2.8122725,-7.0815916,-5.098336,-2.7603354,-2.598741,-4.8538504,-11.348972,0.9835888,14.463366,12.994888,11.619335,-0.13180986,-13.24262,-11.688572,-10.888237,-14.830697,-12.054788,-10.766556,-9.950167,-5.10334,-5.559804,-7.0026317,-13.827013,-20.567295,-27.946747,-24.964905,-17.605808,5.0176487,9.182924,2.8083906,-2.98918,-2.183691,4.87536,4.422719,-8.313185,-9.660179,-9.602449,-9.385465,-9.284458,-9.696174,-2.5767999,-4.6529794,-5.3171225,-0.4849242,0.0,0.0,0.0,0.0,0.0,0.0,0.0,0.0,0.0,0.0,0.0,0.0
0.0,0.0,0.0,0.0,0.0,0.0,0.0,0.0,0.0,0.0,0.0,0.0,0.0,0.0,0.0,0.0,0.16623339,0.21929458,0.0,0.0,0.0,0.0,0.0,0.0,0.0,-0.9888284,-8.375955,-2.0717452,4.1974807,4.2070494,2.5024314,2.0123081,0.95137787,-3.4326065,-3.354322,2.018867,13.70046,9.421358,6.640435,7.5435905,7.2592993,1.2864678,-1.8248072,1.7611328,5.10785,7.004569,7.7604685,4.2605724,3.063627,3.571711,2.8902388,0.133443,7.580572,10.867993,-0.82401186,-4.9702826,-1.3819479,2.117508,3.0675855,-5.7619643,-4.087766,-1.2841377,-1.2391212,-1.9843621,-13.607533,-10.0527315,-3.5358546,-1.4119043,-1.6952543,-1.6153338,2.7986178,0.955412,-0.4126441,-1.3330567,0.4148221,5.303934,3.2309215,1.5067934,1.3302996,1.7098341,1.3907773,1.087789,0.8832764,0.7508956,0.6718329,0.54872066,0.42280617,0.25082728,0.22818916,0.1619765,0.0,0.0,0.0,0.0,-5.853854,-18.241009,-34.463852,-21.597843,-16.6127,-11.246237,-8.117052,5.5222855,7.7822785,10.141481,2.738307,9.690553,12.985098,0.5758668,-7.086305,-8.277407,-12.554712,-16.709251,-15.442392,-8.568953,-3.0634613,-0.6779181,-3.1623302,-4.6237288,-4.4064965,-1.871052,1.0478923,12.428902,13.250826,10.727859,2.1631804,-8.072792,-0.46096417,0.7893889,-3.003172,-3.7599635,-8.7259,-3.0966613,-0.6474521,-0.29344583,-0.71745574,-1.2929381,10.371333,9.462109,6.0300207,9.818416,9.058006,-1.8758004,-4.868396,-2.4015603,-1.6166439,-8.500744,0.24833632,6.2216578,4.5450244,1.6704342,3.8482866,-0.79287815,-0.94333816,-5.560552,-7.538283,-6.6174994,-4.9109974,-8.075327,-8.062415,-7.475645,-3.9488428,-3.1322765,-4.229699,-0.7044482,-7.197808,-7.9382153,1.0670751,3.2034485,-1.8106772,-5.3811426,-5.792199,-1.6089481,1.461637,-3.7497892,-13.859662,-9.101662,-4.0338135,-4.7179017,-6.4369783,-2.91414,8.215618,-2.0561533,-1.5341675,5.7148805,10.733503,10.4552965,5.4857655,-0.3143,-1.2194237,-0.8166413,-0.4325882,1.6454427,6.6380816,4.041283,12.499645,11.414752,1.2360713,0.0,0.0,0.0,0.0,0.0,0.0,0.0,0.0,0.0,-1.0568112,-0.50726527,-0.22961257,0.0,0.0,0.0,0.0,0.0,0.0,0.0,-2.6544328,-3.5434964,-3.226012,-4.9941797,-5.302226,-6.7044773,-4.047518,1.7336626,2.3766146,3.402872,18.889355,21.789772,10.302232,6.964205,4.2953353,-0.37104368,5.3554835,-6.520202,-6.207555,-4.3048425,-3.3632922,-1.4720724,-0.8068346,-8.784421,-16.387447,-16.908527,-16.280811,-24.683022,-28.148552,-26.404064,-20.77049,-2.8092885,8.336696,10.237602,1.8295064,2.1297894,-0.80209196,-2.67826,-0.6889319,2.4086206,2.6729364,-4.7536087,-8.047214,-0.6705478,0.60820776,-1.1117599,4.017139,7.273984,-6.2188587,-11.547871,-9.131399,-10.488882,-11.07938,-6.207181,0.43501997,2.5983844,1.5974231,-1.6920555,0.2918297,-6.443076,-10.631744,-9.046858,-7.384776,-2.8666453,-1.9799148,-3.4916828,-3.106034,-4.567569,-9.163078,-12.8993225,-7.469178,-13.385555,-16.216948,-14.917238,-15.33194,-19.822906,-18.788548,-12.962735,-0.89875585,0.0,0.0,0.0,0.0,0.0,0.0,0.0,0.0,0.0,0.0,0.6319689,0.62282205,0.048267685,0.0,-4.3143997,-6.8013396,-0.93592477,-0.06328732,-1.8948991,-4.515874,-3.2221622,-2.7689238,-1.1725713,-1.8431414,0.65434575,0.04098767,0.75911915,2.5045888,2.249281,-5.13161,-14.235479,-4.408433,3.798323,0.15861493,-3.7536662,-10.456055,-4.8335886,-5.664642,-11.3503,-11.50082,-7.0556984,1.0901726,2.1062458,4.778289,8.918075,-0.87421507,-15.448753,-24.661488,-23.332916,-23.167316,-20.395355,-13.622597,-2.0919132,-4.552081,-4.0000935,-5.0559945,-10.439236,-11.652626,-10.790259,-4.6389136,-3.4000993,-3.3521693,-0.061530426,16.42153,5.808732,-2.2751713,0.36627346,0.5349508,-1.0569289,-4.251459,-4.4567804,-2.0906038,-4.454751,-7.690503,2.6387815,11.14851,6.830776,7.055271,9.780963,5.9776783,-1.6051104,-10.563123,-10.163164,-10.144386,-8.115685,-5.6649475,-4.0500674,-5.635029,-5.663037,-10.128471,-10.876029,-14.723801,-14.225314,-14.268126,-5.3574915,0.0,0.0,3.8673205,-27.458435,-30.375164,-30.095661,-23.864756,-15.827416,-13.348698,-14.710035,-18.220985,-5.4327374,-13.436567,-11.694955,-7.024873,3.2565017,5.9334755,-0.10140745,-11.6856785,-14.705475,-14.490255,-10.327293,-18.175467,-27.423822,-20.443888,-15.462117,-2.3004494,2.6806686,-2.9989295,-2.4681563,2.459504,-21.820484,-20.8623,-17.101583,-14.853407,-8.564589,-4.6845655,0.73029053,5.850553,1.3688674,-5.755085,-4.5300155,-4.640105,-7.8196626,-7.2688427,-2.1928482,2.8033974,0.4440089,-1.9263874,-0.54697806,0.8326845,-3.8429093,-5.8740716,5.027902,4.0808725,13.573238,8.320704,9.609253,10.172646,3.7749856,15.92491,17.160336,11.4342575,3.444907,-3.8166904,3.9995809,12.439527,8.277719,4.299865,0.7455203,1.1272095,6.278415,7.5114174,8.170188,9.084121,-4.716544,-1.1284385,0.5813301,6.000688,2.099062,0.0,0.0,0.0,0.0,0.0,0.0,0.0,0.0,0.0,0.0,-1.4591603,-12.460474,-15.245385,-13.276669,-11.411915,-8.262987,-6.1678295,-2.8571322,-1.3795755,4.8174987,3.9844937,3.8083725,-0.2685085,0.0,0.2886058,6.3285446,3.5652843,7.014925,7.265777,8.404587,11.588877,11.379781,-3.1970224,-0.32964826,-0.94183576,7.660993,0.01636362,-6.038412,-9.177201,-15.575845,-16.610153,-17.96923,-14.7365885,-19.366219,-17.919592,-15.304082,-12.8640785,1.2223312,-0.50592995,-3.417006,-1.1255554,3.247397,3.2219255,-5.808375,-1.668166,-7.0950813,-12.720095,-15.94403,-17.77488,-14.66189,-8.620326,-2.7517939,-31.57953,-30.7905,-15.667223,-4.9621906,-10.717598,-10.5225525,-3.5967705,2.7073426,2.7400088,-5.579681,-11.197847,-1.4852002,-14.716218,-17.541391,-16.352306,-14.3744335,-4.0643125,-8.594185,3.5042064,-2.358379,-4.0505323,-0.189242,-1.6624364,-18.996597,-22.231155,-18.333435,-8.638409,-3.9872205,-2.1548057,-1.4598178,-4.361203,-6.9249325,-2.0300875,-3.7611525,-22.528175,-23.264282,-12.987291,-15.338486,-7.9167557,-2.610737,0.09145576,-5.1334023,-4.9420195,1.860078,-0.8964392,-2.048772,-4.1813936,-5.0522046,-5.512292,-2.7932405,-1.5178049,-8.474907,-12.127653,-12.213053,-3.5450165,-5.8776474,-2.1778097,-5.2550735,-6.7414546,-2.733058,-2.65225,-7.959324,-7.904611,-6.0997844,-3.3057995,-8.637737,-10.836287,-2.368576,1.8976992,6.9152045,9.684109,3.6894262,0.74185556,6.0413356,4.8998985,-2.6595612,-7.196309,-6.2468762,-12.537461,-16.040459,-16.178741,-8.742183,-7.6070385,11.385484,15.601412,10.526667,11.095482,1.8443217,-5.40763,-13.899977,-22.25496,-25.988445,-22.406763,-14.58341,-1.5898871,-5.5673885,2.1273723,5.957415,9.447367,7.906178,3.5454845,-1.0838574,-2.5370855,-0.0007570088,0.0,0.0,0.0,0.0,0.0,0.0,0.0,0.0,0.0,0.0,0.0,0.0,0.0,0.0,0.0,0.0,0.0,0.0,-3.4283714,-4.373644,0.49381945,-0.37743858,-1.4907556,2.6803014,-0.9662452,-5.1575065,-3.106068,-1.9159178,-2.1834195,-11.860083,-15.147955,4.1521163,10.323825,2.0846698,-1.0355871,1.4686508,3.1561432,-0.76377076,6.4815335,11.778401,13.570837,11.473543,4.9312677,-9.365537,-14.195929,-7.78961,-8.310133,-3.6528952,7.0286016,7.6141586,5.161908,6.479928,7.2663465,-2.7270184,-7.0996094,-7.420393,-6.659788,-10.199499,-10.652293,-8.467616,-0.8287247,2.2176268,0.33434862,-9.3196335,-17.142826,-19.133736,-8.6167,-14.901329,-21.263119,-21.870369,-20.131466,-19.246319,-13.183994,-8.042944,11.199903,14.755923,2.365222,-1.5279268,11.073528,7.3461356,4.484367,6.3633366,2.928702,3.4075718,2.1441598,-3.6382158,5.7006674,5.7822514,3.7538126,5.951071,5.964088,2.6948962,1.3529042,0.96923494,-15.572842,-9.014879,-1.7705686,-4.0282745,-11.373819,-7.1332827,-1.692085,-1.6336831,-4.675874,-4.1716375,-0.8844973,-8.897615,-4.275669,-2.7075033,-4.5576396,-0.49470684,-3.0606675,-6.436713,-9.942057,-9.393251,-8.364425,-17.190228,-11.484768,-7.588188,-1.8705691,4.29581,5.7761564,7.1409435,6.9583244,5.915024,5.418808,4.9976873,3.2854548,3.1980562,7.0650744,-3.4762924,-1.3434383,-1.3382888,-4.3697996,-6.5160427,-3.044455,0.799842,5.7752476,-4.721856,-6.776335,-7.475013,-7.377369,-7.5642147,-6.945878,-2.9591513,-9.814978,-12.559333,-9.577106,-6.439368,-2.2658684,2.9157984,5.2350464,5.7728066,-1.8801718,0.68636805,2.6685662,-3.4897547,-9.098856,-14.261188,-21.83445,-16.050089,-0.8680088,-8.150362,-9.441982,-6.5612307,-6.7758327,-1.8953216,-5.5489893,-15.637684,-17.539165,-16.85657,-15.362839,-17.415272,-16.215141,-7.163971,-1.0828214,-9.129416,-4.3738346,0.796545,2.9756474,-0.3242823,-9.571056,-14.750641,-18.742764,-20.102177,-9.505976,-27.72752,-28.02254,-22.616304,4.880868,-3.1123226,1.4164618,3.9050493,-2.6927395,3.3903782,4.05593,-1.1193106,-5.6031303,-5.5174103,-4.3300524,1.7776154,13.158454,10.259314,11.7019825,12.407595,0.40503788,-5.3851175,-8.915395,-11.150645,-6.44753,1.1916445,2.7869911,2.1422658,3.9142728,3.419563,-1.591807,-6.594845,-21.147974,-24.445843,-18.775135,-10.750033,-2.9909146,0.0,0.0,0.0,0.0,0.0,0.0,0.0,0.0,0.0,0.0,0.0,0.0
